1, 0.00269061041704
2, 0.00132473594886
3, 0.000823532323627
4, 0.00193295364115
5, 0.000852640811097
6, 0.000244274668386
7, 0.00249351413834
8, 0.00179306485249
9, 0.00188965101944
10, 0.000743453105131
11, 0.00197183821962
12, 0.00242328930599
13, 0.00138535073046
14, 0.00148661409108
15, 0.00177439768629
16, 0.000628548046336
17, 0.000872233255016
18, 0.000143530659326
19, 0.000461041275402
20, 0.000902964959344
21, 0.000770580888075
22, 0.00228989679645
23, 0.00181808739471
24, 0.00138768396623
25, 0.00201808603784
26, 0.00105791914176
27, 0.000641819647094
28, 0.00219427879352
29, 0.00147799097413
30, 0.00043423944019
31, 0.00143634094571
32, 0.00111052641335
33, 0.00126439544558
34, 9.22270168116e-05
35, 0.000428057065458
36, 0.000222356229838
37, 0.000438989200906
38, 0.00148948473022
39, 0.000887908973867
40, 0.000652893296142
41, 0.000446437533268
42, 0.00166652737736
43, 0.000504622135289
44, 0.000932491265192
45, 0.000713952746142
46, 0.000370371119841
47, 0.00133042485645
48, 0.00106895538928
49, 0.000899654564718
50, 0.00362625630922
51, 0.000904680302026
52, 0.000926398610793
53, 0.00155603936843
54, 0.00111980072522
55, 0.00133838502614
56, 0.00275577163963
57, 0.000414998881039
58, 0.00165755875969
59, 0.00107213771828
60, 0.000926172935008
61, 0.00063988082414
62, 0.00124109221455
63, 0.00113348595781
64, 0.00248561844239
65, 0.00116533514087
66, 0.00177129398513
67, 0.00106827970298
68, 0.00133790900283
69, 0.0024814104348
70, 0.00207635447404
71, 0.00187779926682
72, 0.00162060053731
73, 0.00128056618394
74, 8.54513417383e-05
75, 8.46352422754e-05
76, 0.00065647140001
77, 0.00144764539985
78, 0.000429272935776
79, 0.00253719037673
80, 0.000781935031483
81, 0.00119128978142
82, 0.00219068842417
83, 0.00143653842963
84, 0.000199019988809
85, 0.000654032573016
86, 0.00128330472659
87, 0.00161527941379
88, 0.00185839769968
89, 0.00249709889074
90, 0.000997129803243
91, 0.00135152003194
92, 0.00105835726992
93, 0.00122352692691
94, 0.0012802452413
95, 0.00217935928614
96, 0.00232269920654
97, 0.00211082184723
98, 0.00271520235701
99, 0.00189189952349
100, 0.00294647570657
101, 0.000762286182983
102, 0.000541750045869
103, 0.000159494382317
104, 7.87737265948e-05
105, 0.000939359500468
106, 0.000582079363948
107, 0.000343777447847
108, 0.000849007434006
109, 0.00130912017213
110, 0.000349750569833
111, 0.00182002614269
112, 0.000197105728666
113, 0.000402235613286
114, 0.000485513978638
115, 0.000424201795056
116, 0.000914516911652
117, 0.0026914102813
118, 0.00224191064291
119, 0.000346480580228
120, 0.000577803953412
121, 0.0027179782774
122, 0.000943600437952
123, 0.000966188239582
124, 0.00128717252638
125, 0.00167284651355
126, 0.000634846877537
127, 0.00278960148185
128, 0.000988812319154
129, 0.000962503974757
130, 0.000211455322373
131, 0.000897194021205
132, 0.0020267856714
133, 0.00169378238503
134, 0.0015817669573
135, 0.00237265270121
136, 0.000895610444301
137, 0.0011847687985
138, 0.000186244223752
139, 0.00059802873939
140, 0.00061659221119
141, 0.00080491523537
142, 0.000605893470175
143, 0.00191785009736
144, 0.00197423510297
145, 0.000637349070676
146, 0.000397599596152
147, 0.00135193931401
148, 0.000977181993594
149, 0.000274431838514
150, 0.00141515586222
151, 0.00246164990606
152, 0.00110667553542
153, 0.00199469517772
154, 0.00149193854362
155, 0.000997847035526
156, 0.00127308399015
157, 0.00118762693583
158, 0.000914095892827
159, 0.00126873969262
160, 0.00105229781559
161, 0.00224804344822
162, 0.000948711006038
163, 0.000843649550997
164, 0.00134168742563
165, 0.000815634215071
166, 0.000810496374694
167, 0.000716269641087
168, 0.00240634932858
169, 0.000924926418224
170, 0.00134907623651
171, 0.000951926171421
172, 0.00297862665572
173, 0.00267684375711
174, 0.00323605584513
175, 0.00171098992596
176, 0.0022331591225
177, 0.00116876559019
178, 0.00107567466667
179, 0.00186484669691
180, 0.0020815106498
181, 0.00306815113162
182, 0.00188628534788
183, 0.00222122343173
184, 0.00140214065759
185, 0.00189914727778
186, 0.00210861194839
187, 0.00166685452524
188, 0.00156337185498
189, 0.000555680696151
190, 0.00110286760013
191, 0.00217005276376
192, 0.0013073208353
193, 0.00142402421773
194, 0.00209410445958
195, 0.00268124836819
196, 0.0020955057677
197, 0.00211375933239
198, 0.00118885229745
199, 0.00165444751569
200, 0.00174879211919
201, 0.000817667601493
202, 0.00225140673755
203, 0.00165564450246
204, 0.00267961398614
205, 0.00111319860487
206, 0.000551380844431
207, 0.000668771854743
208, 0.00172930951416
209, 0.00197919929442
210, 0.00251670193631
211, 0.00173258038205
212, 0.000891919459311
213, 0.00107604297407
214, 0.00129962690663
215, 0.00213427902031
216, 0.00230528457317
217, 0.00119355939328
218, 0.00160912696456
219, 0.00112951192733
220, 0.000811715186994
221, 0.000623970320332
222, 0.00260555553848
223, 0.00123075319637
224, 0.000426308132958
225, 0.00085069394371
226, 0.00190492803407
227, 0.00174412613651
228, 0.00202682127307
229, 0.00153994500509
230, 0.00171797952082
231, 0.00167802797033
232, 0.00106187969575
233, 0.00121764740001
234, 0.00225856948073
235, 0.00201095699553
236, 0.000745531388885
237, 0.00229664846336
238, 0.00211164516514
239, 0.00146865512829
240, 0.00122084841592
241, 0.00127241132245
242, 0.00096585218403
243, 0.000730006733805
244, 0.00036021240312
245, 0.00123381992526
246, 0.000868747609267
247, 0.000356919390598
248, 0.00125328416651
249, 0.00130007559683
250, 0.00142825021153
251, 0.000394119684365
252, 0.00113661862638
253, 0.000194202398865
254, 0.000830758001432
255, 0.00101249439168
256, 0.00019439746549
257, 0.0018389697803
258, 0.00282180303027
259, 0.000937927452414
260, 0.000846681334744
261, 0.000264491507628
262, 0.000501914238272
263, 0.000453791470815
264, 0.000690875981822
265, 0.00189618056232
266, 0.000244385051218
267, 8.15886497917e-05
268, 0.00146569903941
269, 0.00184699259864
270, 0.000860993459771
271, 0.0015224721827
272, 0.0011341476031
273, 0.00190925154607
274, 0.00136344419597
275, 0.00187007349831
276, 0.00176930436439
277, 0.000573200120521
278, 0.000436786963409
279, 0.000287500161123
280, 0.000956226148807
281, 0.0011839337249
282, 0.00155613720902
283, 0.0014897886366
284, 0.00174735165895
285, 0.00105123669978
286, 0.00251058477965
287, 0.000934586667888
288, 0.00270102938579
289, 0.00132139449124
290, 0.00087348769505
291, 0.00102403844681
292, 0.000926882786913
293, 0.00102107472665
294, 0.00239672776105
295, 0.000846549489384
296, 6.78605676131e-05
297, 0.000397204873605
298, 0.00128655761089
299, 0.000473866858412
300, 0.00192757313218
301, 0.00152556293122
302, 0.00160488960333
303, 0.00105789703234
304, 0.00106992922686
305, 0.000554471573267
306, 0.000809238026347
307, 0.00130024647237
308, 0.000218829972076
309, 0.000147498516748
310, 0.000795675606293
311, 0.000749257673882
312, 0.00052196919248
313, 0.00208366688734
314, 0.000353442057251
315, 0.000926393587177
316, 0.00078890263848
317, 0.0012953861361
318, 0.00216628810726
319, 0.00123653375374
320, 0.000228565087944
321, 0.000919279574274
322, 0.00145313463755
323, 0.0011747343034
324, 0.00102508614121
325, 0.00105319008912
326, 0.000892652626493
327, 0.000863121698187
328, 0.00154077026978
329, 0.000304421961167
330, 0.00064047146394
331, 0.00059816077422
332, 0.000764904250118
333, 0.00159652230684
334, 0.000689074684206
335, 0.000430118055639
336, 0.000292142138079
337, 0.000461184960393
338, 0.000577864188891
339, 0.000588845123003
340, 0.000975194885937
341, 0.000410186082789
342, 0.000644945545673
343, 0.0007215983277
344, 0.000329670091325
345, 0.000444346876427
346, 0.00079801940701
347, 0.000890517959052
348, 0.000200613138247
349, 0.000229948940138
350, 0.000581137100017
351, 0.000194583148418
352, 0.000182338388185
353, 0.000121612477447
354, 0.000526645603711
355, 0.000306779298731
356, 0.00100535346583
357, 0.00196749763543
358, 0.00111682378224
359, 0.000121558036423
360, 8.44118402399e-05
361, 0.000385132600417
362, 0.000190101893797
363, 0.000505864101342
364, 0.000431488881638
365, 0.000522721712188
366, 0.000595533917971
367, 0.00196343202832
368, 0.00061602800536
369, 0.000461994719656
370, 0.000318940517296
371, 0.000711170950808
372, 0.000678333783493
373, 0.000452526875231
374, 0.00014906181263
375, 0.000314157851479
376, 0.000262082630434
377, 0.000484948628994
378, 0.000979181990539
379, 0.000796868840291
380, 0.00114569144061
381, 0.000907208061134
382, 0.00105392212639
383, 0.000331152224066
384, 0.00105519664667
385, 0.00192202193654
386, 0.000935022234878
387, 0.00106171297541
388, 0.00065977383504
389, 0.000599487295333
390, 0.000113375578081
391, 0.000967882666738
392, 0.000705062392579
393, 0.00180158869827
394, 0.000159299257391
395, 0.00058477085629
396, 0.000702788020009
397, 0.000168635543002
398, 0.000621620404943
399, 0.00122341196422
400, 0.000225752933942
401, 0.000849826643328
402, 0.00186266074228
403, 0.00186324417996
404, 0.00132658120153
405, 0.00235441814678
406, 0.000694544395958
407, 0.000389135710234
408, 0.000774436403166
409, 0.000589395013861
410, 0.00125810867371
411, 0.00130847966408
412, 0.00111298486042
413, 0.000801515135113
414, 0.000950673212625
415, 0.000339182480259
416, 0.000638933316614
417, 0.000839311502887
418, 0.00119691600536
419, 0.00185057910113
420, 0.000839591478572
421, 0.00103335875653
422, 0.000543385331152
423, 0.00239706367053
424, 0.000178177217069
425, 0.000929756982257
426, 0.000353061842076
427, 0.0019385441082
428, 0.00145700044093
429, 0.00115809104201
430, 0.00118566025678
431, 0.00170333828572
432, 0.00180591009019
433, 0.00162049359447
434, 0.000639380306766
435, 0.00194621801432
436, 0.00130070957882
437, 9.05705736443e-05
438, 0.000107076669484
439, 0.000385160882961
440, 0.000189882526465
441, 0.000517897535176
442, 8.19114532417e-05
443, 0.00149278266303
444, 0.000489283634369
445, 0.000563993042399
446, 0.000432076150193
447, 0.00116969637101
448, 0.000915428275176
449, 0.00107080806386
450, 0.000602990997656
451, 0.00159237538088
452, 0.00097763563682
453, 0.000219214981143
454, 0.000490225212255
455, 0.00117672482341
456, 0.00039150129665
457, 0.000227179301542
458, 0.000670331408777
459, 0.000227557273618
460, 0.000553274465434
461, 0.0011032958801
462, 0.00126476405547
463, 0.000694885520947
464, 0.00037897819775
465, 0.000817854387843
466, 0.000553432707992
467, 0.000554659365256
468, 0.000701054056519
469, 0.000733734241143
470, 0.00112086643413
471, 0.00152868551186
472, 0.0013027617791
473, 0.00104454886014
474, 0.00155155053799
475, 0.00189914377847
476, 0.00145231967653
477, 0.00106073948752
478, 0.00083377967251
479, 0.00143573875882
480, 0.00145607463017
481, 0.000606446305799
482, 0.00139598113954
483, 0.00210136118801
484, 0.00109505347733
485, 0.00136497314791
486, 0.000830069488411
487, 0.0008346700511
488, 0.000654317574969
489, 0.000513563796777
490, 0.000473191965925
491, 0.000682936734855
492, 0.000572093905401
493, 0.000559241496588
494, 0.000533022057925
495, 0.00080808115571
496, 0.00175594161341
497, 0.000637044803379
498, 0.00127010448435
499, 0.000869979600939
500, 0.00066113232653
501, 0.00118362876344
502, 0.000619328562545
503, 0.000737538231599
504, 0.00107278547276
505, 0.000984319963813
506, 0.000944554526813
507, 0.00115862165224
508, 0.00140469961811
509, 0.00108674486325
510, 0.00102285425436
511, 0.00139551067025
512, 0.000851874152221
513, 0.000626544154773
514, 0.00137699819604
515, 0.00165405608377
516, 0.000933279923932
517, 0.00114299391464
518, 0.00089885862625
519, 0.00072588362981
520, 0.00107583118901
521, 0.00137805086779
522, 0.000358551561741
523, 0.00124858893155
524, 0.000399443375194
525, 0.000715999758784
526, 0.00141411873432
527, 0.00163203467543
528, 0.00101536107481
529, 0.000840569436725
530, 0.000764210590736
531, 0.00109326560257
532, 0.000195805246227
533, 0.000471412908477
534, 0.000161133216793
535, 0.00041640151296
536, 0.000154694082952
537, 0.000395430025897
538, 0.000351154201359
539, 0.000282408657926
540, 0.00051966228037
541, 0.000572415771859
542, 0.000548267222571
543, 0.000253610977517
544, 0.000607115285199
545, 0.000171770468168
546, 0.00216242420158
547, 0.000386639295204
548, 0.000154191278861
549, 0.00102228981751
550, 0.00181763380154
551, 0.000591629064083
552, 0.000558648877981
553, 0.000668307664491
554, 0.00131911209365
555, 0.000154028239927
556, 0.000191249234143
557, 0.000230960635643
558, 0.000798936048532
559, 0.00169986004234
560, 0.000237637788714
561, 0.000643755767198
562, 0.000831276035647
563, 0.000626372633281
564, 0.00031839905161
565, 0.000553682169662
566, 0.00167567521715
567, 0.000650099085093
568, 0.00200442778957
569, 0.000761865517793
570, 0.000568448679131
571, 0.000403602193613
572, 0.000395740481608
573, 0.000353414957434
574, 0.000517373482772
575, 0.0004911432934
576, 0.00100238042306
577, 0.000483953488773
578, 0.00102610944398
579, 0.000229913352829
580, 0.000602695378284
581, 0.000646501959671
582, 0.00141926975167
583, 0.000454137390844
584, 0.00105166040327
585, 0.000446680511967
586, 0.000424365528419
587, 0.000179009454278
588, 0.00168219615975
589, 0.000441458144592
590, 0.000185776454946
591, 0.0013469395367
592, 0.000140662447891
593, 0.000152340460959
594, 9.19499776733e-05
595, 0.000479724053421
596, 0.000898433561402
597, 0.00151321396075
598, 6.12691317417e-05
599, 1.6220905224e-05
600, 2.64890993093e-05
601, 0.000542126015865
602, 0.000521142181202
603, 0.00161586466417
604, 0.000963719137577
605, 0.000320074385112
606, 0.000945219311812
607, 0.000634304687421
608, 0.000332006169696
609, 0.000570060367049
610, 0.000764085100408
611, 0.000389015587388
612, 0.000361575254136
613, 0.000593748607074
614, 0.000536049059237
615, 0.000527575046208
616, 0.000970816654059
617, 0.000474314246531
618, 0.000501392587498
619, 0.000922469808744
620, 0.000419943811725
621, 0.000151331902494
622, 0.00043593347547
623, 0.000421057076845
624, 0.000296928788348
625, 0.000806379967025
626, 8.22293458708e-05
627, 0.000760462187657
628, 0.00127571490707
629, 0.00075892202677
630, 0.000656952516798
631, 0.00114626416246
632, 0.000565296504832
633, 0.000618907608876
634, 0.000246032606524
635, 0.000256816331
636, 0.00097949038624
637, 0.000400006683269
638, 0.000463823018966
639, 0.000447106756827
640, 0.000798998674264
641, 0.000310738101766
642, 0.0012543799756
643, 5.94232499883e-05
644, 0.000414465050046
645, 0.000599610591648
646, 0.00039414319448
647, 0.00102128590845
648, 0.00086895286528
649, 0.000885410935748
650, 0.000730044257381
651, 0.00148366741785
652, 0.000860370073498
653, 0.000380072888971
654, 0.00156892382695
655, 0.00194055374427
656, 0.00073437721172
657, 0.00112432709008
658, 0.000877028430106
659, 0.000999063931917
660, 0.00137241522971
661, 0.000768479338733
662, 0.000783118654061
663, 0.00106527056571
664, 0.000466699175083
665, 0.000990411023289
666, 0.000379027209176
667, 0.000155365821039
668, 0.000115040198878
669, 0.000172320209513
670, 0.000427036138408
671, 0.000806157364776
672, 0.000951350197975
673, 0.000873002489294
674, 0.000546893521332
675, 0.000569158287684
676, 0.000598547335697
677, 1.6220905224e-05
678, 0.00151120735786
679, 0.0010767676057
680, 0.000244340476218
681, 0.000199657423384
682, 0.000818578488117
683, 0.000322081227271
684, 0.00182952483155
685, 0.00124231651055
686, 0.000625156117026
687, 0.000471524803179
688, 0.000549897829918
689, 0.000525315291122
690, 0.0010296159636
691, 0.000135265612198
692, 0.00149208346169
693, 0.00101111624871
694, 0.000400595142173
695, 0.000174065598033
696, 0.000642572706179
697, 0.000462147315494
698, 0.000172128807375
699, 0.00122525522476
700, 0.000259582973106
701, 6.95439188394e-05
702, 0.000929118088006
703, 0.000515243122886
704, 0.000548355618441
705, 0.00110850321548
706, 6.89529235631e-05
707, 0.000951424923074
708, 0.00101855930311
709, 0.00102704070906
710, 0.00109062673544
711, 0.000302565415927
712, 0.000585644256989
713, 0.000900486800037
714, 0.000161746729494
715, 0.00100442293081
716, 0.000625804742178
717, 0.000643207754865
718, 0.000461747290083
719, 0.000383086083618
720, 0.00082387149467
721, 0.000609755925638
722, 0.000665361955544
723, 0.000438181496163
724, 0.00103817200371
725, 0.000551948670514
726, 0.000495737821997
727, 0.000700420214989
728, 0.000571195754159
729, 0.00119148972189
730, 0.000272398173578
731, 0.000486727154889
732, 0.00167266164079
733, 0.000230391263484
734, 0.000359063260184
735, 0.0013411309817
736, 0.000743815775741
737, 0.000934691323609
738, 0.000625185594913
739, 0.00157134442986
740, 0.000450814371957
741, 0.000511964453892
742, 0.00177258769946
743, 0.000346923767462
744, 0.000654852071391
745, 0.000200634001379
746, 0.00122954053902
747, 0.00104764425461
748, 0.00157861966763
749, 0.000663917080298
750, 0.000701170833251
751, 0.00105230525969
752, 0.000311440439274
753, 0.00057247821113
754, 0.000303867106205
755, 0.000963483853231
756, 0.00123054056592
757, 0.000383125677267
758, 0.00022009683705
759, 0.000179226057241
760, 0.00068406961823
761, 0.000848500886827
762, 0.000960465937461
763, 0.00110244036695
764, 0.00060018897851
765, 0.000752249451228
766, 0.000441702928413
767, 0.00045612270492
768, 0.000893005355136
769, 0.000757454591549
770, 0.000652261740289
771, 0.000475312443822
772, 0.000516732013241
773, 0.000232402007037
774, 0.000689906693399
775, 0.000371579100108
776, 0.000139403335592
777, 8.86837550595e-05
778, 0.000789418878571
779, 0.000403928689964
780, 0.00075150444762
781, 0.000866629399066
782, 0.000216141538535
783, 0.000499834713716
784, 7.03562478055e-05
785, 0.00047603449225
786, 0.000240551587391
787, 0.00018958071817
788, 7.16848225418e-05
789, 0.000876900864354
790, 0.00100418411217
791, 0.000156498717189
792, 0.00094025330255
793, 0.000182957980623
794, 0.000552239279229
795, 0.000567735261888
796, 0.000452958883201
797, 0.000644317430666
798, 0.000148479532377
799, 6.88634490716e-05
800, 0.000338612501602
801, 0.000535229615373
802, 0.00049117494476
803, 0.000168350863127
804, 0.000426579183284
805, 0.000371456409998
806, 0.000577886636747
807, 0.000181340250426
808, 0.000684907611291
809, 0.000781722285775
810, 0.000518995893185
811, 0.000196902239633
812, 0.000244287671095
813, 0.000723953817737
814, 0.000325128967084
815, 0.00110650792111
816, 0.0002449278147
817, 5.24948111202e-05
818, 0.000274338204992
819, 0.000337895224715
820, 0.000817641136348
821, 0.000259380981197
822, 0.000359054000423
823, 0.000770771269917
824, 0.000835705540395
825, 0.000750026267448
826, 0.000701806741182
827, 0.000459735939033
828, 0.000427405419478
829, 0.000272254762715
830, 0.000325128967084
831, 0.000828995063153
832, 0.000237681134356
833, 0.000469968905945
834, 0.000257298679935
835, 0.000144169357013
836, 0.000284468606033
837, 0.000592015323703
838, 4.76155403026e-05
839, 0.000351538574965
840, 0.000769364622273
841, 0.000695191085192
842, 0.000646432305024
843, 0.000392526871579
844, 0.000704647508997
845, 0.00133928331649
846, 0.000362453743912
847, 0.000787943782382
848, 0.00042157334476
849, 0.0005649134273
850, 6.83526478354e-05
851, 8.73075487211e-05
852, 3.02480989549e-05
853, 0.000200769930308
854, 0.000212254293354
855, 0.000597948965319
856, 0.000388777298594
857, 0.000325128967084
858, 0.000373804629836
859, 0.000459466854705
860, 0.000197169249057
861, 8.13169543111e-05
862, 0.000189650963225
863, 0.00026517881849
864, 0.000609749301204
865, 0.000259592782817
866, 0.000837280081445
867, 0.000128496273654
868, 0.000341269688463
869, 0.000297920429023
870, 0.000412757781371
871, 0.000538894649297
872, 0.000313944632637
873, 0.000476648172318
874, 0.000597234697667
875, 0.000688842464066
876, 0.000329433652561
877, 0.000353563859378
878, 0.000260443571153
879, 0.0010159764645
880, 0.000653546871282
881, 0.000598415206798
882, 0.000249136813523
883, 0.000409233865645
884, 8.76969666735e-05
885, 0.000150653898593
886, 0.000633583831174
887, 0.000413122013654
888, 0.000128298512188
889, 0.00014483018222
890, 0.00039180571382
891, 4.75930886478e-05
892, 0.000303334124314
893, 0.000386381863764
894, 0.000129778338678
895, 0.000680755088976
896, 0.000615095448733
897, 3.52745182398e-05
898, 0.000327103194203
899, 0.000393577387803
900, 0.000621742892736
901, 0.000119081388964
902, 0.00032931351923
903, 0.000464320283249
904, 0.000235817555607
905, 0.00022226603617
906, 0.000168858403978
907, 3.5779412143e-05
908, 0.000141627059602
909, 0.000427137258024
910, 8.24541860345e-05
911, 8.34762036723e-05
912, 0.000116148802277
913, 0.000363700062313
914, 0.000120029857097
915, 0.000177456318089
916, 0.000208770721735
917, 9.22765134587e-05
918, 0.00012799213075
919, 0.00107208715802
920, 8.28932031599e-05
921, 0.000483957846519
922, 0.000346354818923
923, 0.000493311768035
924, 0.00063264316688
925, 0.000308837527672
926, 0.000748002110008
927, 0.000397005304545
928, 0.00119400881971
929, 0.000672317269899
930, 0.000676341399736
931, 0.000534325808123
932, 0.000353982088495
933, 0.000477738788938
934, 0.000491575707179
935, 8.87371071775e-05
936, 0.000571737247411
937, 0.000222215256337
938, 0.000141852585075
939, 0.000662282680284
940, 0.000400098117903
941, 0.00049816148381
942, 0.000593819096355
943, 0.000742979537335
944, 0.000494165664123
945, 0.000405034710259
946, 0.000600670659667
947, 0.000156724975656
948, 0.000619098784394
949, 0.000654226494615
950, 0.000324377895195
951, 0.000738068213125
952, 0.000389627348359
953, 0.000299012384581
954, 0.000453943017023
955, 0.000540907708773
956, 0.000514873379171
957, 0.0003462226059
958, 0.000177328253962
959, 0.000727112006421
960, 0.00029788741458
961, 0.000351406407396
962, 0.000235114287874
963, 0.000657154912433
964, 0.000141937946205
965, 0.000544923753104
966, 0.000326230134354
967, 0.000140788403739
968, 0.000174110707751
969, 0.000632034636805
970, 0.000118576459373
971, 0.000360047070842
972, 0.000373879532253
973, 3.77786967392e-05
974, 0.000319787008732
975, 0.000403999821171
976, 0.000121204063409
977, 0.000462121497338
978, 0.00024944566218
979, 0.00064668389081
980, 0.000285443921861
981, 8.86672456834e-05
982, 0.000201127902822
983, 0.000145344303105
984, 0.000328940626281
985, 0.000185531309266
986, 0.000500179138371
987, 3.97480235797e-05
988, 0.000426322605179
989, 0.000200724416635
990, 0.000227832945929
991, 0.000189019847985
992, 0.000360071878107
993, 0.000782933785111
994, 0.000389518933514
995, 0.000220367986604
996, 0.000159714704812
997, 0.000227595049753
998, 0.000185225397296
999, 0.000135577579892
1000, 0.000137903234946
1001, 0.000181809174507
1002, 9.97222804091e-05
1003, 0.000382575796321
1004, 0.000124849512302
1005, 0.000245549394604
1006, 0.000269741406238
1007, 0.00069105969682
1008, 0.000334874763681
1009, 0.000782132381058
1010, 0.000749949559173
1011, 0.000829844436813
1012, 0.000741248656295
1013, 0.000322351403011
1014, 0.000798900683806
1015, 0.000426730946873
1016, 0.00104831093515
1017, 0.00042675412409
1018, 0.000350818594769
1019, 0.000298547319311
1020, 0.000634290535073
1021, 0.000372441649636
1022, 0.000219429064137
1023, 0.00028018491527
1024, 0.000109730395164
1025, 0.000269082540534
1026, 4.03694441594e-05
1027, 6.41223426919e-05
1028, 0.00108504475284
1029, 0.000201739185697
1030, 0.000231633787088
1031, 9.70198227953e-05
1032, 0.000198108761004
1033, 0.000583700331113
1034, 0.000258186591264
1035, 0.000682765040293
1036, 0.000556623925668
1037, 0.000293573561598
1038, 0.000118904001498
1039, 0.000779886536474
1040, 0.000219419032816
1041, 0.000645460610265
1042, 0.000663684600857
1043, 0.000392816031949
1044, 0.000518573966972
1045, 0.000637962913153
1046, 0.000544455873336
1047, 0.0010386790938
1048, 0.000962395528484
1049, 0.000236973402435
1050, 0.00041017580459
1051, 0.000320801350643
1052, 0.000556432589115
1053, 0.000320317628515
1054, 0.000212941999742
1055, 0.000431510131643
1056, 0.000411413275629
1057, 0.000217992995415
1058, 0.000504888904553
1059, 0.000279426215828
1060, 0.000294071228409
1061, 0.000231159475695
1062, 0.000119929338989
1063, 0.000388685128943
1064, 0.000331751903348
1065, 0.000493001874185
1066, 0.000194694756338
1067, 0.000348327275926
1068, 0.000142448128843
1069, 0.000258551854802
1070, 0.000634256669024
1071, 0.000194635584475
1072, 0.000111403559642
1073, 0.00090758754665
1074, 0.000844804748682
1075, 8.54332674013e-05
1076, 0.000469191874437
1077, 9.48072720507e-05
1078, 0.000253476683624
1079, 0.00072386456391
1080, 2.05395060357e-05
1081, 9.03595750438e-05
1082, 0.000115784674683
1083, 0.000350248820549
1084, 0.000182202102976
1085, 0.000151768305424
1086, 0.000529014785305
1087, 0.000121213818586
1088, 0.000148379357461
1089, 0.000640290731102
1090, 0.000415599202165
1091, 0.000770210913521
1092, 0.000458631034781
1093, 0.00052656960684
1094, 9.93371935604e-05
1095, 0.000293102217345
1096, 3.29128832853e-05
1097, 0.000509130255715
1098, 0.000436578537668
1099, 0.00015220985917
1100, 0.000438823414982
1101, 0.000752715795491
1102, 7.56341725142e-05
1103, 0.000261023889689
1104, 5.70863384393e-05
1105, 0.000114750555162
1106, 5.80618697426e-05
1107, 0.000571116539385
1108, 0.000424842719387
1109, 0.000331456633497
1110, 0.000449448704919
1111, 0.000141669053572
1112, 0.00053562349436
1113, 0.000610220294742
1114, 0.000390952189406
1115, 0.000240486221101
1116, 0.00041891164325
1117, 0.000145692866277
1118, 0.000851359982441
1119, 0.000584671383132
1120, 0.000193792676144
1121, 0.000217456809549
1122, 8.54068056379e-06
1123, 4.4187570295e-05
1124, 0.000111323688882
1125, 0.000328004663624
1126, 0.000287092656191
1127, 5.59700993925e-05
1128, 0.000159678057504
1129, 0.000270325763679
1130, 0.000304211030127
1131, 0.000176635554519
1132, 0.000271997882932
1133, 0.000325984981646
1134, 0.000365641915766
1135, 0.000832890034627
1136, 0.000625615770241
1137, 0.000542016608902
1138, 4.80123833286e-05
1139, 0.000424010934212
1140, 0.00022753535102
1141, 0.00041034490351
1142, 0.000363804074655
1143, 0.000463487106913
1144, 6.07824415349e-05
1145, 0.000107381292678
1146, 5.82507908407e-05
1147, 0.000599823547301
1148, 0.000105331087291
1149, 0.000225195253615
1150, 9.28161415712e-05
1151, 0.000106056362333
1152, 0.000492035177014
1153, 0.000249940288922
1154, 0.000113751846793
1155, 0.000341904716519
1156, 3.52696895376e-06
1157, 0.000247240759449
1158, 6.09492357154e-05
1159, 0.000112933836285
1160, 0.000257337283163
1161, 0.000143351401719
1162, 7.34665614345e-05
1163, 0.000232653937928
1164, 6.2543817958e-05
1165, 0.00013771851561
1166, 0.000496912890757
1167, 0.000442147893311
1168, 0.000279260542614
1169, 0.000163212096253
1170, 0.000640685122664
1171, 0.00043684860891
1172, 0.000154935700822
1173, 0.000120924636209
1174, 0.000130109481576
1175, 4.85182164867e-05
1176, 0.000459551298927
1177, 9.52655695236e-05
1178, 0.000270258561695
1179, 0.000143726901612
1180, 0.000150204849968
1181, 0.000132638522784
1182, 0.000494721216025
1183, 0.000178596465663
1184, 0.000164882878226
1185, 0.000205080683377
1186, 6.98811289984e-05
1187, 0.000144915493376
1188, 0.00046689654017
1189, 0.000335886555747
1190, 0.000370403272274
1191, 2.30868973457e-05
1192, 0.000184294648848
1193, 0.000140266857339
1194, 0.000650604020393
1195, 0.000461182434336
1196, 0.000353479542547
1197, 0.000386466915654
1198, 0.000433554249042
1199, 0.000521410029497
1200, 0.000106282458861
1201, 0.000309175016526
1202, 0.000400478594857
1203, 0.00050920321451
1204, 0.000170779493499
1205, 0.000382493494064
1206, 0.00026400197857
1207, 0.000223278414653
1208, 0.000597121203929
1209, 0.000238261471911
1210, 0.000460075660402
1211, 0.000462264165519
1212, 6.86791141141e-05
1213, 9.59160422482e-05
1214, 0.000417485208142
1215, 0.000321628227644
1216, 7.02989963132e-05
1217, 0.000765315576029
1218, 0.000584420090927
1219, 0.000221697551927
1220, 0.00043964517973
1221, 0.000474928028435
1222, 0.000604300486762
1223, 0.000366603581282
1224, 0.000211844314344
1225, 0.000483627276848
1226, 0.000353583001961
1227, 0.000110192562134
1228, 0.000839871843433
1229, 0.000170560546765
1230, 0.000527474686475
1231, 0.00026797444227
1232, 0.000544236065788
1233, 0.000347258176098
1234, 0.000328946786451
1235, 3.86803422813e-06
1236, 3.86803422813e-06
1237, 0.000334114299382
1238, 6.03492459596e-05
1239, 0.000256233278911
1240, 0.000252164205477
1241, 5.64076249409e-05
1242, 7.02291648886e-05
1243, 4.41658230189e-05
1244, 0.000351347797216
1245, 0.000223150471637
1246, 9.9629001266e-05
1247, 0.000398525198289
1248, 0.000573758336397
1249, 0.000175178973329
1250, 0.000101796932033
1251, 5.56244990601e-05
1252, 0.000137982274043
1253, 0.000402876999994
1254, 0.00036800810702
1255, 0.000132087221628
1256, 0.000359560985672
1257, 0.000369945580133
1258, 0.000217075076
1259, 3.98682554851e-05
1260, 6.35030903562e-05
1261, 7.79991118552e-05
1262, 0.000111917819537
1263, 0.000447746935903
1264, 7.64316242159e-05
1265, 0.000193657040053
1266, 0.000451284848996
1267, 0.000473483157379
1268, 0.00015100323808
1269, 0.000113617107491
1270, 8.23081934592e-05
1271, 0.000115587934572
1272, 5.58838605569e-05
1273, 0.000184461424499
1274, 0.000159198911422
1275, 7.32433221088e-05
1276, 0.000402312315956
1277, 0.000167382963182
1278, 0.000131642536121
1279, 9.26909583417e-05
1280, 0.000107197358939
1281, 0.000138551959593
1282, 0.000400817334548
1283, 0.000149013559654
1284, 0.000556412402102
1285, 0.000461995792543
1286, 0.00051208030143
1287, 6.97522561251e-05
1288, 0.000435350369445
1289, 7.97958336666e-05
1290, 5.32812453035e-05
1291, 0.000182386490313
1292, 4.73036213227e-05
1293, 1.14453320867e-05
1294, 0.000329861068164
1295, 6.6609587216e-05
1296, 0.000172551766419
1297, 0.000469942548475
1298, 0.000384193780954
1299, 0.000357647835033
1300, 9.46582214573e-05
1301, 0.000349975747371
1302, 6.21596012564e-05
1303, 0.000509843664895
1304, 2.03394187383e-05
1305, 0.000117685594489
1306, 4.73295842067e-05
1307, 0.000341982153157
1308, 4.73295842067e-05
1309, 7.18494838789e-06
1310, 0.000298815161278
1311, 0.000241407223739
1312, 8.79665508981e-05
1313, 8.61809826351e-05
1314, 0.000421207972591
1315, 0.000185265978819
1316, 6.94629901189e-05
1317, 7.80331765712e-05
1318, 7.08600609877e-05
1319, 0.000381564575227
1320, 2.72724664384e-05
1321, 4.91744777308e-05
1322, 9.99410162162e-05
1323, 3.95981312639e-05
1324, 0.000356055436987
1325, 2.72724664384e-05
1326, 5.05356635212e-05
1327, 3.70332486591e-05
1328, 5.81627416748e-05
1329, 0.000321970882672
1330, 5.77552771403e-05
1331, 0.000337950449154
1332, 3.36585698845e-05
1333, 6.15372559435e-05
1334, 0.000362230052643
1335, 0.000127276812992
1336, 0.000423671923372
1337, 0.000144223830774
1338, 7.92492208348e-05
1339, 2.72724664384e-05
1340, 2.72724664384e-05
1341, 2.72724664384e-05
1342, 2.8382962938e-05
1343, 0.000321970882672
1344, 8.25480229494e-05
1345, 3.27961721044e-05
1346, 8.32041406656e-05
1347, 0.000331066279265
1348, 2.72724664384e-05
1349, 2.72724664384e-05
1350, 3.66176421288e-05
1351, 8.1797438649e-05
1352, 2.72724664384e-05
1353, 9.326649209e-05
1354, 2.88653695265e-05
1355, 5.24517348717e-05
1356, 8.148853828e-05
1357, 0.000325012450571
1358, 3.01413887996e-05
1359, 6.73828725248e-05
1360, 3.64132190525e-05
1361, 6.1679236952e-05
1362, 3.05106045583e-05
1363, 2.72724664384e-05
1364, 0.000321970882672
1365, 2.93897315514e-05
1366, 0.000321970882672
1367, 0.000346498408876
1368, 8.53824313278e-05
1369, 0.000362894755158
1370, 0.00036739511833
1371, 3.29355772279e-05
1372, 3.85964328581e-05
1373, 2.72724664384e-05
1374, 3.16599706124e-05
1375, 0.000122488268302
1376, 9.93127561121e-05
1377, 0.000350266415178
1378, 0.000102859625887
1379, 0.000128198568613
1380, 9.42854552817e-05
1381, 6.61965605045e-05
1382, 8.88318504456e-05
1383, 7.15196934883e-05
1384, 0.000381751590953
1385, 6.56172516273e-05
1386, 0.000360807527968
1387, 8.70124634819e-05
1388, 9.43164004948e-05
1389, 0.00034662822652
1390, 4.68960536287e-05
1391, 0.000381751590953
1392, 4.99045620351e-05
1393, 8.53371122862e-05
1394, 0.000394372822098
1395, 8.76422973482e-05
1396, 3.67826107558e-05
1397, 6.61728124558e-05
1398, 2.67812006024e-05
1399, 7.20418135806e-05
1400, 0.00017974561418
1401, 0.000168440980859
1402, 0.000350822061819
1403, 0.000361177105298
1404, 0.000162767046476
1405, 8.07112778973e-05
1406, 0.000364112059408
1407, 0.000285557685432
1408, 0.000356324106841
1409, 9.31831201719e-05
1410, 0.000341582032142
1411, 0.000323294555193
1412, 8.48282016539e-05
1413, 9.84244979053e-05
1414, 0.000299503513707
1415, 0.000128212589343
1416, 5.96207943353e-05
1417, 2.6459769004e-05
1418, 0.000356920395154
1419, 0.000493853016189
1420, 0.000322846849507
1421, 0.000203951783806
1422, 0.000361203085001
1423, 0.000382749813948
1424, 6.48836426989e-05
1425, 0.000163876692352
1426, 0.000428637433977
1427, 6.06967268606e-05
1428, 0.000169618643001
1429, 4.68469306798e-05
1430, 1.13650047363e-05
1431, 2.47948797245e-05
1432, 5.08894015816e-05
1433, 7.0581801374e-06
1434, 0.000383093755095
1435, 0.000133941490589
1436, 4.79011017082e-05
1437, 0.000134670226965
1438, 0.000100427597438
1439, 0.000126548379807
1440, 0.000367455985766
1441, 0.000420123903327
1442, 6.7887524429e-05
1443, 3.73066160139e-05
1444, 0.000211410122141
1445, 0.000122178157387
1446, 0.000473864930078
1447, 2.26709075351e-05
1448, 7.33846012539e-05
1449, 0.000383283337629
1450, 0.000324102243523
1451, 0.000142873964269
1452, 2.26709075351e-05
1453, 2.26709075351e-05
1454, 6.74929139235e-05
1455, 2.89832114375e-05
1456, 0.000390621805247
1457, 2.26709075351e-05
1458, 2.26709075351e-05
1459, 6.98065389792e-05
1460, 2.26709075351e-05
1461, 0.000317423450776
1462, 0.000106541835616
1463, 0.000323824129403
1464, 5.20276532729e-05
1465, 0.000342719868467
1466, 7.65254930373e-05
1467, 1.90365459948e-05
1468, 0.000386899811108
1469, 0.000162746994513
1470, 7.07311386275e-05
1471, 0.000130239481431
1472, 6.59718966409e-06
1473, 0.000113418171889
1474, 0.000373637658091
1475, 0.000420009333737
1476, 1.30785697926e-05
1477, 3.27029913508e-05
1478, 0.000554312706357
1479, 0.000162922105457
1480, 0.000456618748412
1481, 4.34014121197e-05
1482, 2.14987137365e-05
1483, 0.0003949082757
1484, 6.76747844419e-05
1485, 0.00034360795752
1486, 2.19020232864e-05
1487, 8.39203361679e-05
1488, 0.000375643296969
1489, 0.000358010048247
1490, 0.000378532590677
1491, 0.000321530704444
1492, 2.19020232864e-05
1493, 2.19020232864e-05
1494, 0.000316599109166
1495, 7.50983295548e-05
1496, 0.000356736845215
1497, 3.40221665944e-05
1498, 0.000316599109166
1499, 0.000408799990479
1500, 2.34483795326e-05
1501, 0.000386646380224
1502, 0.000319196147575
1503, 0.000129836029094
1504, 2.93570673826e-05
1505, 1.22534128718e-05
1506, 6.46218694072e-05
1507, 0.000307018560036
1508, 3.9131756788e-05
1509, 0.000387613161934
1510, 0.000315451272875
1511, 0.000360264710187
1512, 6.13391142239e-05
1513, 3.98085777638e-05
1514, 9.87551192832e-05
1515, 1.5916099895e-05
1516, 6.84334407847e-05
1517, 8.89131812893e-05
1518, 0.000182140147923
1519, 0.000345304980625
1520, 1.04371306668e-05
1521, 0.000349622705917
1522, 9.84555288116e-05
1523, 0.00031602054079
1524, 0.000361771291977
1525, 1.41845178215e-05
1526, 9.76292640403e-06
1527, 4.48529414223e-05
1528, 3.60439205507e-05
1529, 0.00010208320894
1530, 8.69827518005e-05
1531, 0.000113243477485
1532, 4.34940509217e-05
1533, 4.94732002807e-06
1534, 0.000337296876339
1535, 9.75381068883e-05
1536, 0.000307812629162
1537, 4.23515001431e-05
1538, 7.06569757793e-05
1539, 0.000379348361775
1540, 0.000440711093979
1541, 2.27340089676e-05
1542, 2.19063591418e-05
1543, 0.000308075779461
1544, 5.52508018172e-05
1545, 6.83880054484e-05
1546, 4.0108577913e-05
1547, 4.91338485832e-05
1548, 4.0108577913e-05
1549, 0.000373587876362
1550, 5.51184695281e-05
1551, 4.91338485832e-05
1552, 6.40532077062e-05
1553, 0.000399507939472
1554, 7.866536206e-05
1555, 7.22189660504e-05
1556, 4.30353722156e-05
1557, 4.0108577913e-05
1558, 0.000366757470626
1559, 4.0108577913e-05
1560, 0.000397700256496
1561, 0.000335043550629
1562, 4.0108577913e-05
1563, 0.000335043550629
1564, 4.0108577913e-05
1565, 0.000335043550629
1566, 4.0108577913e-05
1567, 4.0108577913e-05
1568, 0.000335043550629
1569, 4.0108577913e-05
1570, 4.0108577913e-05
1571, 0.000335043550629
1572, 4.0108577913e-05
1573, 5.03712008634e-05
1574, 4.0108577913e-05
1575, 0.000335043550629
1576, 4.0108577913e-05
1577, 4.0108577913e-05
1578, 7.866536206e-05
1579, 4.0108577913e-05
1580, 4.0108577913e-05
1581, 4.0108577913e-05
1582, 4.0108577913e-05
1583, 4.0108577913e-05
1584, 0.000335043550629
1585, 7.866536206e-05
1586, 4.0108577913e-05
1587, 4.0108577913e-05
1588, 5.97399334123e-05
1589, 0.000377090011923
1590, 5.97399334123e-05
1591, 7.44337573302e-05
1592, 0.000366125561848
1593, 9.14618336946e-06
1594, 3.27215852686e-05
1595, 8.27280381634e-06
1596, 8.27280381634e-06
1597, 4.33583376211e-05
1598, 4.97346021595e-05
1599, 1.02778437532e-05
1600, 0.000361543723383
1601, 0.000301472009053
1602, 0.000338520749094
1603, 2.32535567681e-05
1604, 9.03114937783e-06
1605, 0.000364120835615
1606, 6.11092453662e-06
1607, 5.44390397335e-05
1608, 4.03480547566e-05
1609, 4.45870248164e-05
1610, 3.05031073717e-05
1611, 2.89171340977e-05
1612, 1.57264518656e-05
1613, 5.02707354555e-06
1614, 4.88404388583e-06
1615, 0.000395007477287
1616, 9.09188069148e-06
1617, 0.00030305146801
1618, 2.14334599732e-06
1619, 7.97255343081e-06
1620, 7.48796153696e-05
1621, 1.31174026283e-05
1622, 0.000317226807348
1623, 5.96612635826e-05
1624, 4.44635760797e-06
1625, 4.44635760797e-06
1626, 0.000307315009821
1627, 1.22733234965e-05
1628, 6.90871736393e-05
1629, 0.000344232571859
1630, 3.85567258795e-05
1631, 5.06733016977e-05
1632, 3.85567258795e-05
1633, 0.000333465835812
1634, 3.85567258795e-05
1635, 0.000333465835812
1636, 3.85567258795e-05
1637, 3.85567258795e-05
1638, 0.000333465835812
1639, 0.000345906081577
1640, 3.85567258795e-05
1641, 3.85567258795e-05
1642, 4.90046881069e-05
1643, 7.02859603772e-05
1644, 5.81865917956e-05
1645, 0.000333465835812
1646, 0.000338799343325
1647, 3.85567258795e-05
1648, 3.85567258795e-05
1649, 0.000333465835812
1650, 3.85567258795e-05
1651, 0.000333465835812
1652, 2.49202236256e-05
1653, 0.000296814910542
1654, 3.63963940241e-06
1655, 0.000311709436396
1656, 0.000308113569385
1657, 1.27728457598e-05
1658, 3.59121063037e-05
1659, 1.21216391001e-05
1660, 1.21216391001e-05
1661, 6.43364544114e-06
1662, 2.0452191717e-05
1663, 1.96178710458e-05
1664, 4.78267569802e-05
1665, 0.000313810933014
1666, 0.000313810933014
1667, 1.96178710458e-05
1668, 0.000313810933014
1669, 1.96178710458e-05
1670, 0.000313810933014
1671, 3.03523575465e-06
1672, 2.15798383128e-05
1673, 0.000299163624183
1674, 8.1134470582e-06
1675, 8.98999154892e-06
1676, 8.98999154892e-06
1677, 0.000303926468993
1678, 0.000304501711537
1679, 0.000304501711537
1680, 1.15750611073e-05
1681, 0.000310552321683
1682, 0.000307736696078
