1, 0.00269683340917
2, 0.00132923464516
3, 0.000834831970997
4, 0.00223572228499
5, 0.000855634968274
6, 0.000242045207885
7, 0.00279392340214
8, 0.00179321565768
9, 0.00188812019116
10, 0.00103777988996
11, 0.00198392363459
12, 0.00243016932108
13, 0.00137730944732
14, 0.0011727218013
15, 0.00177949606108
16, 0.000332454197189
17, 0.00117837851024
18, 0.000135359150565
19, 0.000741980720762
20, 0.000594559080031
21, 0.000771190975942
22, 0.00230629441482
23, 0.00150682541735
24, 0.00139362224572
25, 0.0020166931694
26, 0.000754769969957
27, 0.000946413742535
28, 0.0022010386315
29, 0.00119589039924
30, 0.000419761365372
31, 0.00144190153915
32, 0.000801462679545
33, 0.00127583764164
34, 9.36214755236e-05
35, 0.000136163757494
36, 0.000221683388895
37, 0.000142414820756
38, 0.00121184371681
39, 0.00119617071604
40, 0.00065762389687
41, 0.000454577366671
42, 0.00167710200478
43, 0.000507480487082
44, 0.000934304979576
45, 0.000699071932903
46, 0.000364924040727
47, 0.00132301178745
48, 0.00105796817805
49, 0.000899961177115
50, 0.00334457211935
51, 0.00120943777018
52, 0.000913600992907
53, 0.00127469691841
54, 0.00142689664546
55, 0.00134296780103
56, 0.00307012116933
57, 0.000411961575557
58, 0.0016553409588
59, 0.000764363290577
60, 0.000620531907307
61, 0.000630811318871
62, 0.00155866176166
63, 0.00115435662345
64, 0.00250262577934
65, 0.00146431894152
66, 0.00148552970468
67, 0.00137988187986
68, 0.00166301690343
69, 0.00278855612164
70, 0.00238070318003
71, 0.00189249726024
72, 0.00133811411306
73, 0.00158444137259
74, 0.000384107804772
75, 8.65279308348e-05
76, 0.000952824741005
77, 0.001460501725
78, 0.000736104546955
79, 0.00254861501659
80, 0.00109372832868
81, 0.0014827108391
82, 0.00220330301068
83, 0.00142774641642
84, 0.000205344149549
85, 0.000957563904654
86, 0.00125981171464
87, 0.00131231980595
88, 0.00187207097969
89, 0.00220768303738
90, 0.00100805333991
91, 0.0013611899734
92, 0.0013626381736
93, 0.000921311443566
94, 0.00159906543896
95, 0.00190076305658
96, 0.00233288266319
97, 0.00212330194084
98, 0.00271998291593
99, 0.00189766536209
100, 0.00324651446114
101, 0.000770694329114
102, 0.000548167033296
103, 0.000161848553548
104, 0.000379980133525
105, 0.000657810898367
106, 0.000586460303721
107, 0.000642325672454
108, 0.000561006284933
109, 0.00102221758483
110, 0.00035608505886
111, 0.00182456908821
112, 0.000499366027843
113, 0.000101861390797
114, 0.00078808301437
115, 0.000426571625535
116, 0.00120171189702
117, 0.00270661204455
118, 0.00195905468668
119, 4.95260901532e-05
120, 0.00059066396401
121, 0.00274006535616
122, 0.000954567927701
123, 0.000975790298775
124, 0.00127451783409
125, 0.00198026106122
126, 0.000628069163619
127, 0.00247965080727
128, 0.000698093797841
129, 0.000957606128731
130, 0.000511032427255
131, 0.00088587825664
132, 0.00232537988668
133, 0.00138405614847
134, 0.00156292120388
135, 0.00207691884956
136, 0.00118540290705
137, 0.0011675063628
138, 0.000488014381417
139, 0.000609417250728
140, 0.000623089639678
141, 0.00081180368553
142, 0.000913843698444
143, 0.00191806109036
144, 0.00227914322525
145, 0.000641936075709
146, 0.000105020093419
147, 0.00136237692009
148, 0.000983667388166
149, 0.000272153268112
150, 0.0011188865669
151, 0.00217459052362
152, 0.000796816873929
153, 0.00228902676983
154, 0.0017931357932
155, 0.00129697540712
156, 0.00127875435386
157, 0.00118858249549
158, 0.000927069906116
159, 0.000981470217568
160, 0.000749209834736
161, 0.00197227551353
162, 0.000942727824867
163, 0.000846985343693
164, 0.00134205277988
165, 0.000507838956439
166, 0.000503566876061
167, 0.000716151202787
168, 0.00272047316119
169, 0.000924329062703
170, 0.00103394655745
171, 0.000946480796693
172, 0.00270754567859
173, 0.00240198097493
174, 0.0029516224125
175, 0.00170573297331
176, 0.00253482391749
177, 0.00117185992509
178, 0.001067140895
179, 0.00215462617306
180, 0.0017825942474
181, 0.0033784994964
182, 0.00218449286075
183, 0.00252232236693
184, 0.00111041003319
185, 0.00188981358507
186, 0.00240966254123
187, 0.00165633689499
188, 0.00156980635806
189, 0.00055870207489
190, 0.00108974944528
191, 0.00246058178185
192, 0.00100976331292
193, 0.00141912537784
194, 0.00179761788873
195, 0.00269598717929
196, 0.00239838702341
197, 0.00181348791129
198, 0.00117689699168
199, 0.00135201314276
200, 0.00175459459297
201, 0.00111887419516
202, 0.00226306327849
203, 0.00165232709324
204, 0.00298665830956
205, 0.00140143449501
206, 0.000557134028849
207, 0.000663966081452
208, 0.00202747170194
209, 0.0016770929007
210, 0.00253117733261
211, 0.00202316727484
212, 0.00117688995417
213, 0.00136139464602
214, 0.00101227351459
215, 0.00183873621659
216, 0.00230206747521
217, 0.00150504240515
218, 0.00161218566439
219, 0.00142707810943
220, 0.000514783452299
221, 0.000606354639174
222, 0.00231873782031
223, 0.00151860958568
224, 0.000413400127446
225, 0.000851568243738
226, 0.00162107951904
227, 0.00146824312669
228, 0.00203918027161
229, 0.00155285837602
230, 0.00203102623864
231, 0.00140113040113
232, 0.00136950511069
233, 0.00122831040578
234, 0.00225619939725
235, 0.00170355963283
236, 0.000441602372874
237, 0.00259037536119
238, 0.00210736859147
239, 0.0017727591499
240, 0.00122257070248
241, 0.00127402044787
242, 0.000652334950022
243, 0.000731381831324
244, 0.00034989650648
245, 0.00124987947834
246, 0.00086677189342
247, 0.000362246695515
248, 0.0015508968271
249, 0.00100181390117
250, 0.00172947886492
251, 0.000684472515362
252, 0.00114925631194
253, 0.000489275587625
254, 0.000838484224377
255, 0.00101594542234
256, 0.000488473634601
257, 0.00213798367733
258, 0.00284288019479
259, 0.00123481401231
260, 0.000853772494633
261, 0.000270167409024
262, 0.000797517219835
263, 0.000159106952273
264, 0.000692014970507
265, 0.00220628490012
266, 0.000256853560057
267, 0.000380185961656
268, 0.00146361433614
269, 0.00154673042667
270, 0.000867158632898
271, 0.001529624896
272, 0.00143210141106
273, 0.00190488097092
274, 0.00135973266722
275, 0.00185755379041
276, 0.00176216709482
277, 0.000570380416033
278, 0.000443153289505
279, 0.00028143925753
280, 0.000956528206188
281, 0.00118093621596
282, 0.00186270339367
283, 0.00118062935333
284, 0.00145807420862
285, 0.00132979062113
286, 0.00250498564656
287, 0.000625923084758
288, 0.00241896425073
289, 0.00132162872384
290, 0.000869059000085
291, 0.00102584020612
292, 0.000636230856432
293, 0.00101712014313
294, 0.00241418365851
295, 0.000550399476234
296, 0.000361226643119
297, 0.000386181717872
298, 0.00128269521553
299, 0.000472436145095
300, 0.00193761325107
301, 0.00122473488354
302, 0.0016109287554
303, 0.00104515646226
304, 0.000766604878455
305, 0.00053647479223
306, 0.000494876693914
307, 0.00100589710393
308, 0.0002228346845
309, 0.000149439991491
310, 0.000794409543564
311, 0.000433591641466
312, 0.000805351615659
313, 0.00179903629291
314, 6.01970976169e-05
315, 0.00123597833141
316, 0.000789400119499
317, 0.000994597744195
318, 0.00216499447604
319, 0.000930869802618
320, 0.000517909669307
321, 0.000902743069866
322, 0.00145377951818
323, 0.00119009777706
324, 0.000737872669208
325, 0.00104931227154
326, 0.00120390031439
327, 0.00115967740806
328, 0.0018459287336
329, 0.000601755260345
330, 0.000341772627151
331, 0.000898600925237
332, 0.00106479817068
333, 0.00130936418114
334, 0.000395931982091
335, 0.000436111509131
336, 0.000590012250705
337, 0.000164905691529
338, 0.000877776629889
339, 0.0002900360959
340, 0.000969019695993
341, 0.000413213701613
342, 0.000361707720699
343, 0.00102677220811
344, 0.000322363015365
345, 0.000437610347879
346, 0.00109670297092
347, 0.000885820632729
348, 0.000206187253279
349, 0.000236376144366
350, 0.000287962822048
351, 0.00019319423635
352, 0.000185368498275
353, 0.000122829118196
354, 0.000527538709818
355, 0.000317986110149
356, 0.0010169062984
357, 0.00196124541393
358, 0.000828646872751
359, 0.000125833102
360, 8.95161602616e-05
361, 0.000393261354508
362, 0.000196595798504
363, 0.0005107959098
364, 0.000435095736121
365, 0.000835482093529
366, 0.000905103874923
367, 0.00197090865718
368, 0.000325978217212
369, 0.000470815061473
370, 0.00032271504771
371, 0.0010035360686
372, 0.000380120255267
373, 0.000755236863692
374, 0.000152461652228
375, 0.000611738545041
376, 0.000270006822837
377, 0.000490828691343
378, 0.000983556548417
379, 0.000506504945986
380, 0.00116293842291
381, 0.00089876306291
382, 0.00134869050261
383, 0.000635664953205
384, 0.000768178715708
385, 0.00193417837464
386, 0.000949433421835
387, 0.000758637497304
388, 0.000670732376328
389, 0.000605350181705
390, 0.000409267570764
391, 0.000678688022168
392, 0.00071328833666
393, 0.00181317425159
394, 0.00015975524469
395, 0.000598901999205
396, 0.00069978247327
397, 0.000173154798649
398, 0.000332283626375
399, 0.00124078756835
400, 0.000228363354723
401, 0.00116006055906
402, 0.0018812563727
403, 0.00217833321494
404, 0.00133554503774
405, 0.00236495310957
406, 0.000706112691057
407, 0.00039778934617
408, 0.00107009169708
409, 0.000602115032658
410, 0.00126601192451
411, 0.00161832575353
412, 0.000833465936835
413, 0.000808035449874
414, 0.00065113658921
415, 0.000344912631844
416, 0.000644171223893
417, 0.000842651820644
418, 0.00150336563232
419, 0.00186455487143
420, 0.000850826767753
421, 0.00103498285636
422, 0.000252116537549
423, 0.00240011617951
424, 0.000183057972319
425, 0.00122009195478
426, 0.00065886092793
427, 0.0016271190579
428, 0.00115382666564
429, 0.000858160068252
430, 0.000879415892508
431, 0.00141588764266
432, 0.00152081193191
433, 0.00191937081197
434, 0.0006413489293
435, 0.00164209827276
436, 0.00100805859236
437, 8.96759010255e-05
438, 0.000106232937543
439, 8.96759010255e-05
440, 0.000489763483628
441, 0.00082112915419
442, 8.14020206307e-05
443, 0.00149177678933
444, 0.00078923991657
445, 0.000569364921019
446, 0.00013823967122
447, 0.00116615063606
448, 0.000913817003312
449, 0.00107761441759
450, 0.000610649057672
451, 0.00159637963528
452, 0.000692922273426
453, 0.000519865614538
454, 0.00018850446134
455, 0.00118314855784
456, 0.000698238879953
457, 0.000528112538212
458, 0.000660335478839
459, 0.000226093386101
460, 0.000259999739999
461, 0.000798920055101
462, 0.00125147822806
463, 0.000982735357317
464, 0.000370538173104
465, 0.000819137278867
466, 0.000846085170666
467, 0.000842743932088
468, 0.000703599188865
469, 0.000731343898071
470, 0.00112976604009
471, 0.00153671592771
472, 0.00161049085167
473, 0.00104561524553
474, 0.00154340510921
475, 0.00160071732047
476, 0.00115763531619
477, 0.000767267990421
478, 0.000814214979315
479, 0.00141716125978
480, 0.00144503068799
481, 0.000886998057761
482, 0.00108888897715
483, 0.00180064300186
484, 0.00108074338482
485, 0.00106660450593
486, 0.00051891005118
487, 0.000531118690621
488, 0.000635984113046
489, 0.000500326958287
490, 0.000466276903471
491, 0.000676132765633
492, 0.00056342827021
493, 0.000541707674801
494, 0.000522449964082
495, 0.000509102886108
496, 0.00205431909058
497, 0.000922908427168
498, 0.00155014217435
499, 0.000863690886058
500, 0.000352946642536
501, 0.00118826994686
502, 0.000604180895579
503, 0.000432329644934
504, 0.00135290553693
505, 0.000674982226486
506, 0.000938021662194
507, 0.000845963757287
508, 0.00140607125611
509, 0.00106467352955
510, 0.00101536263053
511, 0.00167812952594
512, 0.000835835584487
513, 0.000615696498548
514, 0.00136221443258
515, 0.00135285908387
516, 0.000626590221068
517, 0.0011347476449
518, 0.000895243886903
519, 0.000716071265692
520, 0.00106940401365
521, 0.00106924246342
522, 0.000650082246153
523, 0.00123610040325
524, 0.000394762494401
525, 0.000701041739722
526, 0.00141327235131
527, 0.00162774070348
528, 0.00100893269557
529, 0.000826294179851
530, 0.00104719615934
531, 0.00108115149819
532, 0.000196925280171
533, 0.000170975874982
534, 0.000155697241572
535, 0.000409279200591
536, 0.000449260695162
537, 0.000390178093064
538, 0.000351945331124
539, 0.000286252770754
540, 0.000830513448961
541, 0.000580497728826
542, 0.000559754851776
543, 0.0002445413417
544, 0.000912264109811
545, 0.000175281332465
546, 0.00188543484326
547, 0.000682236972456
548, 0.000453513604644
549, 0.00102840214909
550, 0.00183392118157
551, 0.000299172583249
552, 0.000569847303026
553, 0.000666605502905
554, 0.00103296756678
555, 0.000157475149397
556, 0.000194477438378
557, 0.000224616550429
558, 0.000783276532874
559, 0.00141302615712
560, 0.000541230547657
561, 0.00065283436505
562, 0.00054552670186
563, 0.000333468457165
564, 0.000620180778923
565, 0.000259291431886
566, 0.00168734140948
567, 0.000360571103962
568, 0.00201613387672
569, 0.000767485419289
570, 0.000870875624522
571, 0.000409999660019
572, 0.000396270546095
573, 0.000356287293393
574, 0.000222099273103
575, 0.000503289697151
576, 0.00130964436968
577, 0.000491707288749
578, 0.00103337352848
579, 0.000236935285486
580, 0.0003148777319
581, 0.00064998542979
582, 0.00141769331146
583, 0.000756819992926
584, 0.000755943554845
585, 0.000754441330502
586, 0.000428212778261
587, 0.000480565546366
588, 0.00169317726328
589, 0.000434220526077
590, 0.00048592849726
591, 0.00163929142334
592, 0.000143552656607
593, 0.000455211925681
594, 8.69612279071e-05
595, 0.000488479627883
596, 0.000900477874456
597, 0.00152928296843
598, 0.00036363592634
599, 1.73007880547e-05
600, 2.7027911803e-05
601, 0.000244297242162
602, 0.000512787267759
603, 0.00189588149427
604, 0.000649905676893
605, 0.000612664575138
606, 0.000628821484261
607, 0.000918703365677
608, 0.000331667696747
609, 0.000866995184639
610, 0.000451833918413
611, 0.000673384694323
612, 0.000349179022086
613, 0.000292405871365
614, 0.000828317789298
615, 0.000808962533369
616, 0.000672376665138
617, 0.000470705819846
618, 0.000202520223858
619, 0.000624696462745
620, 0.000726223321187
621, 0.000152509176273
622, 0.000443795376644
623, 0.000727221276632
624, 0.000299066659401
625, 0.000814612013822
626, 0.000381314459122
627, 0.000778124259395
628, 0.00127730924776
629, 0.000750966892938
630, 0.000656260075821
631, 0.00143336271936
632, 0.00055045086623
633, 0.000919408087158
634, 0.000541551135423
635, 0.000253705779741
636, 0.00127752184076
637, 0.000400949275302
638, 0.000453596564708
639, 0.000437915166175
640, 0.00109195166251
641, 0.000303363470648
642, 0.000956395450443
643, 6.2330297879e-05
644, 0.000406985795079
645, 0.000302874600079
646, 0.000689435924719
647, 0.000715704987979
648, 0.000870377832127
649, 0.000587369484658
650, 0.000707090830707
651, 0.00178477102173
652, 0.000856752879689
653, 0.000372064207079
654, 0.001257274267
655, 0.00224023734693
656, 0.000724669806502
657, 0.00111038034725
658, 0.000881181188501
659, 0.000988841606638
660, 0.00137471011434
661, 0.000761531014164
662, 0.000775132207214
663, 0.00135563523491
664, 0.000463966966229
665, 0.00100356918164
666, 8.57391760742e-05
667, 0.000156553742363
668, 0.000115603155172
669, 0.000176352095149
670, 0.000423177707364
671, 0.000504535903912
672, 0.000662088545247
673, 0.000863521450616
674, 0.000536060905175
675, 0.000559695366268
676, 0.00059611497811
677, 0.000315475100857
678, 0.00122876904927
679, 0.00108671596837
680, 0.000547054689327
681, 0.000209804217877
682, 0.000532435442903
683, 0.000322971944164
684, 0.00154052327341
685, 0.00124822678714
686, 0.000917420872361
687, 0.00047862173856
688, 0.000260782460037
689, 0.00053644417376
690, 0.00104292597189
691, 0.000144589447861
692, 0.00149361378967
693, 0.0010093218998
694, 0.000692152148515
695, 0.000467648384517
696, 0.000648196431406
697, 0.000468092233538
698, 0.000161819978688
699, 0.00122894370288
700, 0.000254409913433
701, 6.80293552447e-05
702, 0.00062289732907
703, 0.000217526388843
704, 0.000254703298341
705, 0.00109898914138
706, 6.49249892304e-05
707, 0.000644853395271
708, 0.00100821421896
709, 0.00101317891082
710, 0.00109759860527
711, 7.14872533443e-06
712, 0.000875021277014
713, 0.000602982229969
714, 0.00046022352381
715, 0.0010065830105
716, 0.000626099350319
717, 0.000650396398724
718, 0.00046702961437
719, 0.000678850163307
720, 0.000837246970048
721, 0.000615454808762
722, 0.000971258853177
723, 0.00044050435456
724, 0.000741496876469
725, 0.000261850844394
726, 0.000194126248351
727, 0.000999532171412
728, 0.000572807044155
729, 0.000903303749723
730, 0.000262875865033
731, 0.00048987795704
732, 0.00167511406557
733, 0.000218953541885
734, 0.000359017735535
735, 0.0013361742833
736, 0.0010377033617
737, 0.000641762127777
738, 0.000634524355731
739, 0.00157591614847
740, 0.000440523883197
741, 0.00050587571624
742, 0.00208548737349
743, 0.000363381281906
744, 0.000945179972239
745, 0.000198451343963
746, 0.00123297028709
747, 0.00105608071213
748, 0.00188902248709
749, 0.000370496306977
750, 0.000997031959189
751, 0.00135893199858
752, 0.000612775868778
753, 0.000265365733536
754, 0.000304727685838
755, 0.000978067444836
756, 0.00094370673377
757, 8.7065365808e-05
758, 0.000521368693025
759, 0.000478683201327
760, 0.000392132615902
761, 0.000554044957349
762, 0.00125201383563
763, 0.00111270398733
764, 0.000302155589946
765, 0.000462873827535
766, 0.000142574765854
767, 0.000159310779969
768, 0.000605554720032
769, 0.000767130746785
770, 0.000948676990931
771, 0.000483828811776
772, 0.000521221077197
773, 0.000526918325645
774, 0.000697800748965
775, 0.000371417215236
776, 0.000437761280936
777, 8.82219273134e-05
778, 0.00108487371566
779, 0.000704930909653
780, 0.000763644274442
781, 0.00116651434995
782, 0.000506264541478
783, 0.000806297238872
784, 6.98849622986e-05
785, 0.000769804277007
786, 0.000536543536464
787, 0.000192018074394
788, 7.11382850459e-05
789, 0.000580630516486
790, 0.000720885385635
791, 0.000159971877756
792, 0.000931983090331
793, 0.000180492006184
794, 0.000554626875463
795, 0.0005734898818
796, 0.000753712820411
797, 0.000350739393242
798, 0.000149232760996
799, 0.000364653959776
800, 0.000335347456572
801, 0.000242025193078
802, 0.000497129688016
803, 0.000462039848168
804, 0.000129394701373
805, 0.000362379378135
806, 0.000878748988827
807, 0.000480859587539
808, 0.000393086068958
809, 0.000786175125447
810, 0.0005259422904
811, 0.000188134194693
812, 0.00024758799475
813, 0.000421025247115
814, 2.83719536995e-05
815, 0.000814999743982
816, 0.000246068680867
817, 5.09054095072e-05
818, 0.000276631899706
819, 0.000343026394341
820, 0.00112385887545
821, 0.000257628858106
822, 6.16579353386e-05
823, 0.00107156475378
824, 0.000544400567996
825, 0.00105727155735
826, 0.000712169849339
827, 0.000465668648665
828, 0.000433729366851
829, 0.000271151634294
830, 2.83719536995e-05
831, 0.00082793566721
832, 0.000535499855012
833, 0.000475275607789
834, 0.000259550354266
835, 0.000437389804699
836, 0.000276358527301
837, 0.000290189452223
838, 4.57878274569e-05
839, 5.45993864162e-05
840, 0.000773818948376
841, 0.000407700297102
842, 0.000651306138284
843, 0.00039517677263
844, 0.000699307688337
845, 0.00134410191833
846, 0.000365914711692
847, 0.000777585403879
848, 0.000122475448268
849, 0.000567943036376
850, 6.46296556103e-05
851, 8.78095661623e-05
852, 2.83719536995e-05
853, 0.000202031503519
854, 0.000212303388826
855, 0.00057798212888
856, 0.000386116006867
857, 0.000326777294356
858, 7.81575996117e-05
859, 0.000164134620024
860, 0.000491853825975
861, 0.000379239510095
862, 0.00018872152474
863, 0.00025099222568
864, 0.000613327089788
865, 0.000248433752751
866, 0.00114336594737
867, 0.000119595477084
868, 4.44554050406e-05
869, 0.000291565933979
870, 0.000117832037308
871, 0.000542269530104
872, 0.000305208682239
873, 0.000774738679579
874, 0.000293498428271
875, 0.000390061064229
876, 0.000328241339998
877, 0.000350680171628
878, 0.000258706030968
879, 0.00103283235145
880, 0.000366015490674
881, 0.000314903678197
882, 0.000244524448184
883, 0.0004148889649
884, 8.64514874187e-05
885, 0.000159518253081
886, 0.000344703815653
887, 0.000703444448207
888, 0.000124021286455
889, 0.00013831865904
890, 0.00039796826377
891, 0.000339260646522
892, 0.000615407902409
893, 8.77938549813e-05
894, 0.000128560050903
895, 0.000983534071892
896, 0.000301253192373
897, 3.47409541782e-05
898, 0.000335306019393
899, 9.36785176618e-05
900, 0.000312289455726
901, 0.000116206804508
902, 0.000322378494431
903, 0.000160194434441
904, 0.000229445581488
905, 0.000224097818734
906, 0.000155500677656
907, 3.46022971956e-05
908, 0.000440604703837
909, 0.000120658920001
910, 7.55893505801e-05
911, 7.73371094885e-05
912, 0.000415071215291
913, 0.000360727598002
914, 0.000112412945631
915, 0.000173216594437
916, 0.000207122409491
917, 8.95105212288e-05
918, 0.000121050482043
919, 0.000771310914098
920, 0.000385184045805
921, 0.000478631045846
922, 0.000344966586204
923, 0.000482962078993
924, 0.000639697138917
925, 0.000309802996359
926, 0.000756801608318
927, 9.77360088618e-05
928, 0.000903959580341
929, 0.00067574847975
930, 0.000982857133619
931, 0.000540616370122
932, 0.000660714262439
933, 0.000182925275311
934, 0.000503496204222
935, 8.52024824638e-05
936, 0.00027060042028
937, 0.000215529748604
938, 0.000144549257514
939, 0.000962783724264
940, 0.000405262055793
941, 0.000809252930128
942, 0.000883787081206
943, 0.00045339923587
944, 0.00050112881884
945, 0.000687743607855
946, 0.000607704740841
947, 0.000159769854248
948, 0.000327327019601
949, 0.000663519080967
950, 0.000319786054488
951, 0.000447182190693
952, 0.000685504238938
953, 0.000294988785029
954, 0.000151352118878
955, 0.000542425966562
956, 0.000808954362036
957, 0.000350944613012
958, 0.000467366487404
959, 0.00102400795321
960, 0.000293460269744
961, 0.000347505400297
962, 0.000226668013662
963, 0.000655532363971
964, 0.000139422167471
965, 0.000538438051468
966, 0.000317946012573
967, 0.000140503319198
968, 0.000472019458049
969, 0.000634568570839
970, 0.000413216775717
971, 0.000350326743891
972, 0.000368880604303
973, 3.83976125813e-05
974, 0.000324090514113
975, 0.000407500887357
976, 0.000423551287475
977, 0.000473902991194
978, 0.000250094853597
979, 0.00034884627243
980, 0.000281979294996
981, 9.44146713169e-05
982, 0.000203464477475
983, 0.000451645977251
984, 0.000333842455392
985, 0.00048600017009
986, 0.00021024920862
987, 0.000339214337647
988, 0.000423329392134
989, 0.000200887178274
990, 0.000234949178041
991, 0.000190192378547
992, 6.49630616242e-05
993, 0.000495720947666
994, 9.465358283e-05
995, 0.000211840592695
996, 0.000463883539022
997, 0.000231576057061
998, 0.00048472446678
999, 0.000437269425275
1000, 0.000439832366437
1001, 0.000186534055614
1002, 0.000104445998699
1003, 8.61750673715e-05
1004, 0.000126400097797
1005, 0.00023447508018
1006, 0.000274360259799
1007, 0.000677813376458
1008, 0.000330458405721
1009, 0.000484638712158
1010, 0.000446836559944
1011, 0.00112415046724
1012, 0.00103513775157
1013, 0.000324327225289
1014, 0.00109753238412
1015, 0.000431268315391
1016, 0.00105646024258
1017, 0.00042432918426
1018, 0.00034472726349
1019, 0.000602578252731
1020, 0.000334053886683
1021, 0.000364133852554
1022, 0.000219433284081
1023, 0.000584653755908
1024, 0.000407439673853
1025, 0.000276163320149
1026, 4.26523461232e-05
1027, 0.000362867817997
1028, 0.00139891079846
1029, 0.000201662692713
1030, 0.000531399105784
1031, 0.000399363221722
1032, 0.000500902014503
1033, 0.000293190946375
1034, 0.000563489567762
1035, 0.000689053236939
1036, 0.000566659172344
1037, 0.000594769789425
1038, 0.000120108494508
1039, 0.000775691569695
1040, 0.000226487674106
1041, 0.000949109172231
1042, 0.000371263134516
1043, 0.000399052587734
1044, 0.000520140600128
1045, 0.000633087455451
1046, 0.000546089304305
1047, 0.00135048616078
1048, 0.000667820569752
1049, 0.000543333958627
1050, 0.000405007087664
1051, 0.000322938961669
1052, 0.000265402523428
1053, 0.000322522578636
1054, 0.000220200442156
1055, 0.000140836600643
1056, 0.000115763955275
1057, 0.000522396938127
1058, 0.000215418191926
1059, 0.000287178045049
1060, 0.000301900325077
1061, 0.00022820135493
1062, 0.000114521187876
1063, 0.000387370065623
1064, 0.000333425531065
1065, 0.000788587704204
1066, 0.000196542992972
1067, 0.000341251676948
1068, 0.000137210086854
1069, 0.000255097170193
1070, 0.000331008516779
1071, 0.000192397771681
1072, 0.000111954371672
1073, 0.000613678570407
1074, 0.000852785963168
1075, 8.20190848491e-05
1076, 0.000476728034113
1077, 0.000393330960177
1078, 0.00025532835005
1079, 0.000734877704807
1080, 1.98403982755e-05
1081, 9.3107560709e-05
1082, 0.000409652988335
1083, 5.68476576572e-05
1084, 0.000477034504781
1085, 0.000449860302114
1086, 0.000228984490701
1087, 0.000124446636408
1088, 0.000447319768802
1089, 0.000350695784314
1090, 0.000419441416904
1091, 0.000785128429171
1092, 0.000163280661569
1093, 0.000234864968724
1094, 0.00040545956041
1095, 0.000601953187111
1096, 0.000331949982312
1097, 0.000203420968184
1098, 0.000433370887945
1099, 0.000448629815623
1100, 0.000138650387519
1101, 0.00103351180703
1102, 7.89811636083e-05
1103, 0.000254426972635
1104, 0.000357060909266
1105, 0.000412889735719
1106, 5.42476226474e-05
1107, 0.000274053423288
1108, 0.00012465652438
1109, 0.000627839884851
1110, 0.000453738093357
1111, 0.000437263928513
1112, 0.000237816221785
1113, 0.0006063651931
1114, 9.87039583885e-05
1115, 0.000242017207867
1116, 0.000421255597054
1117, 0.000448020158176
1118, 0.000553732657938
1119, 0.000585011447587
1120, 0.000493867842281
1121, 0.00020696185143
1122, 0.000307070857279
1123, 4.32845325777e-05
1124, 0.000110742567979
1125, 2.74533482615e-05
1126, 0.000279359527445
1127, 5.53534719921e-05
1128, 0.000156426702471
1129, 0.000569708599817
1130, 0.000307986810009
1131, 0.00016882694849
1132, 0.00027499726486
1133, 0.000628573336571
1134, 0.000360249974063
1135, 0.000537664028676
1136, 0.000327681590856
1137, 0.000241827814359
1138, 4.78059633611e-05
1139, 0.000435403294178
1140, 0.000522792849633
1141, 0.000408814336196
1142, 0.00035577929765
1143, 0.000162894736048
1144, 5.63182237494e-05
1145, 0.000110354564353
1146, 6.04065663564e-05
1147, 0.000297723388296
1148, 0.000406073698518
1149, 0.000514316899746
1150, 9.61495480942e-05
1151, 0.000407351792681
1152, 0.00049861913292
1153, 0.000241241916282
1154, 0.000115005407429
1155, 4.40753232625e-05
1156, 0.000302174110293
1157, 0.000257213226539
1158, 5.55106052512e-05
1159, 0.000415322282162
1160, 0.000252111917755
1161, 0.000139758012196
1162, 7.41194929056e-05
1163, 0.000234257030158
1164, 6.4968183463e-05
1165, 0.000144612469253
1166, 0.000197857770278
1167, 0.000143970911716
1168, 0.000578632696958
1169, 0.000156766230512
1170, 0.000338869213984
1171, 0.000138829415518
1172, 0.000150592465233
1173, 0.000118576228974
1174, 0.000128428407159
1175, 0.00035121864531
1176, 0.000459884866498
1177, 0.000395384976737
1178, 0.000275387321357
1179, 0.000148316351045
1180, 0.000154330725289
1181, 0.000134618019538
1182, 0.000202413012357
1183, 0.000480219667217
1184, 0.000462764909683
1185, 0.000208136535097
1186, 0.000362216108665
1187, 0.000144333990169
1188, 0.000775655108979
1189, 4.12315707628e-05
1190, 0.000374763026126
1191, 0.000321405636962
1192, 0.000178622030361
1193, 0.000429659478927
1194, 0.000350026421571
1195, 0.000459240033538
1196, 0.000349012586499
1197, 0.000380751961646
1198, 0.000132457814172
1199, 0.00022509347848
1200, 9.84473829956e-05
1201, 1.22388321328e-05
1202, 0.000104089637747
1203, 0.000207732011139
1204, 0.000166572013086
1205, 8.17861320178e-05
1206, 0.000264457443491
1207, 0.00022707011538
1208, 0.000301202126894
1209, 0.000240911704098
1210, 0.000770119551949
1211, 0.000163733906741
1212, 0.000367376127818
1213, 0.000391326095077
1214, 0.000115859712758
1215, 0.000626959832795
1216, 0.000368844255082
1217, 0.000477194660972
1218, 0.000297115243863
1219, 0.000225589413848
1220, 0.000742352883579
1221, 0.000474932443478
1222, 0.000613773953244
1223, 6.61711947343e-05
1224, 0.00051245439344
1225, 0.000189597770661
1226, 0.000642259706116
1227, 0.000110591404185
1228, 0.000849002594225
1229, 0.000474924688444
1230, 0.000234462320671
1231, 0.000271609821208
1232, 0.000546769818507
1233, 5.97581626542e-05
1234, 4.22172495585e-05
1235, 0.000305958246399
1236, 0.000305958246399
1237, 4.78417914089e-05
1238, 6.25576975089e-05
1239, 0.000258430367411
1240, 0.00025710490734
1241, 5.50305316478e-05
1242, 7.21527084109e-05
1243, 4.48113419374e-05
1244, 0.00065533312705
1245, 0.000522477433268
1246, 0.000103163671475
1247, 0.000403783881396
1248, 0.000278737259262
1249, 0.000178898193943
1250, 0.000401734146895
1251, 5.44999763277e-05
1252, 0.000132053643552
1253, 0.000112140781584
1254, 7.61781687229e-05
1255, 0.000121435115756
1256, 6.01970156736e-05
1257, 7.06756050488e-05
1258, 0.000216732033713
1259, 4.24782215575e-05
1260, 0.000364526820683
1261, 7.87694359516e-05
1262, 0.000108203992107
1263, 0.000152539121751
1264, 7.59414069316e-05
1265, 0.000192451325763
1266, 0.000149391473112
1267, 0.000474417882512
1268, 0.000146139543736
1269, 0.000110619898627
1270, 8.3173562596e-05
1271, 0.000115827786177
1272, 0.000357499322523
1273, 0.000481849064403
1274, 0.000163689366723
1275, 7.49943436286e-05
1276, 0.000114907289505
1277, 0.000172849557691
1278, 0.000124668667333
1279, 9.33461781651e-05
1280, 0.000112617359406
1281, 0.000134633588409
1282, 0.000109106016517
1283, 0.000447453371401
1284, 0.000257581793262
1285, 0.000167109043878
1286, 0.000213915137486
1287, 7.56276661735e-05
1288, 0.000137656658643
1289, 8.39083677589e-05
1290, 5.49887274506e-05
1291, 0.000488057983546
1292, 4.84254183631e-05
1293, 0.000307617553018
1294, 3.53751498256e-05
1295, 6.72475145242e-05
1296, 0.000468016248373
1297, 0.000178313255011
1298, 8.67796470082e-05
1299, 0.000361179976175
1300, 9.29188617461e-05
1301, 0.000355563365325
1302, 0.000363535456108
1303, 0.000215978698709
1304, 1.59086711883e-05
1305, 0.000112541205587
1306, 4.41017402074e-05
1307, 4.41017402074e-05
1308, 4.41017402074e-05
1309, 2.60079453269e-06
1310, 2.60079453269e-06
1311, 0.000538436574063
1312, 8.78388150041e-05
1313, 0.000385381886188
1314, 0.000134253636196
1315, 0.000182147675039
1316, 6.98774419511e-05
1317, 8.21132511434e-05
1318, 7.48464933631e-05
1319, 8.29689302925e-05
1320, 2.98366046959e-05
1321, 5.06590018258e-05
1322, 9.75337854057e-05
1323, 3.98675373162e-05
1324, 6.4912110196e-05
1325, 0.000328057312757
1326, 5.33573633486e-05
1327, 3.92007131213e-05
1328, 6.0853981037e-05
1329, 2.98366046959e-05
1330, 5.88305736786e-05
1331, 0.000344596839486
1332, 0.000334465778725
1333, 6.4237147531e-05
1334, 7.13530508327e-05
1335, 0.000126955406252
1336, 0.000131546669614
1337, 0.00044600577046
1338, 8.3390959918e-05
1339, 2.98366046959e-05
1340, 0.000328057312757
1341, 0.000328057312757
1342, 3.14952381955e-05
1343, 2.98366046959e-05
1344, 7.80094121971e-05
1345, 3.60540955591e-05
1346, 8.69976847592e-05
1347, 3.75320527501e-05
1348, 0.000328057312757
1349, 0.000328057312757
1350, 3.96456403049e-05
1351, 0.00037746765311
1352, 0.000328057312757
1353, 9.49241328787e-05
1354, 3.13909986138e-05
1355, 0.000352503065443
1356, 0.000377612681753
1357, 3.29543409492e-05
1358, 3.27821746223e-05
1359, 7.13530508327e-05
1360, 0.000336968779138
1361, 0.00036223011454
1362, 3.31938018733e-05
1363, 0.000328057312757
1364, 2.98366046959e-05
1365, 3.19422430092e-05
1366, 2.98366046959e-05
1367, 5.26799737659e-05
1368, 0.000380996125854
1369, 6.95835352107e-05
1370, 7.01682890151e-05
1371, 0.000333975036484
1372, 0.00033891411871
1373, 2.98366046959e-05
1374, 3.40260164414e-05
1375, 0.000118599462154
1376, 0.000400489188245
1377, 0.000355704382246
1378, 9.97357712684e-05
1379, 0.000422743076723
1380, 9.29709312641e-05
1381, 6.83910962028e-05
1382, 9.31052730762e-05
1383, 7.40875039565e-05
1384, 9.12596541887e-05
1385, 0.000366929377656
1386, 7.04662672425e-05
1387, 0.000389521560076
1388, 9.3351240419e-05
1389, 5.46805468259e-05
1390, 4.9736925601e-05
1391, 9.12596541887e-05
1392, 5.25883373489e-05
1393, 0.000386406082562
1394, 0.000105575144615
1395, 8.79939614048e-05
1396, 0.000334851334425
1397, 6.51597005785e-05
1398, 0.000325170094384
1399, 7.19428051493e-05
1400, 0.00017508507622
1401, 0.000172049622295
1402, 0.000352725756775
1403, 6.10562706872e-05
1404, 0.000162446557286
1405, 8.23225646576e-05
1406, 0.000362774679325
1407, 0.000283407044571
1408, 6.31524463407e-05
1409, 0.000394018336425
1410, 0.000344780432515
1411, 0.000619936000046
1412, 8.66835820588e-05
1413, 0.000396782079479
1414, 5.22609261621e-06
1415, 0.000427815959253
1416, 0.000360425576178
1417, 0.000322365617614
1418, 5.61871729085e-05
1419, 0.000205328690214
1420, 0.000326249883275
1421, 0.000200997335272
1422, 6.73229055334e-05
1423, 8.94302095554e-05
1424, 6.61617351057e-05
1425, 0.000165815559938
1426, 0.000126760295725
1427, 0.00035945370597
1428, 0.000165969261448
1429, 0.000350359165446
1430, 1.50509095235e-05
1431, 0.000324863299374
1432, 5.31702461287e-05
1433, 0.000306585255479
1434, 9.34203437303e-05
1435, 0.000134590887356
1436, 0.000341998049004
1437, 0.000433982365738
1438, 0.000401673237792
1439, 0.000129747107726
1440, 0.000372040673771
1441, 0.000128788749706
1442, 7.05277251432e-05
1443, 3.78118901705e-05
1444, 0.000215883922409
1445, 0.000415551884292
1446, 0.000479196387452
1447, 2.09362110698e-05
1448, 0.000365374240152
1449, 8.2636473349e-05
1450, 2.7389945951e-05
1451, 0.000139561206714
1452, 2.09362110698e-05
1453, 2.09362110698e-05
1454, 0.000363057435698
1455, 2.69113192096e-05
1456, 9.13642003856e-05
1457, 2.09362110698e-05
1458, 2.09362110698e-05
1459, 0.000369842410575
1460, 2.09362110698e-05
1461, 2.09362110698e-05
1462, 0.000396193624965
1463, 2.57003942527e-05
1464, 5.54246925651e-05
1465, 4.33897983714e-05
1466, 7.10612017216e-05
1467, 1.89481439825e-05
1468, 0.000392900728173
1469, 0.000466795876502
1470, 7.17547601244e-05
1471, 0.00013408934945
1472, 0.000305334892259
1473, 0.000113659572053
1474, 7.99657340931e-05
1475, 0.00041829943622
1476, 1.38913595683e-05
1477, 0.000331690754307
1478, 0.00026538079151
1479, 0.000458868998017
1480, 0.000164592024719
1481, 4.35418400521e-05
1482, 2.27191117643e-05
1483, 0.000403175170617
1484, 6.85430079449e-05
1485, 4.6089781471e-05
1486, 2.08224173446e-05
1487, 8.36760446925e-05
1488, 7.94790277254e-05
1489, 6.19836354443e-05
1490, 7.75045074399e-05
1491, 2.56453477357e-05
1492, 0.000319041779151
1493, 2.08224173446e-05
1494, 2.08224173446e-05
1495, 7.11614940802e-05
1496, 6.13511581867e-05
1497, 3.29095099185e-05
1498, 2.08224173446e-05
1499, 0.000107701144457
1500, 0.000320651138886
1501, 0.000382354536375
1502, 2.34204255517e-05
1503, 0.000132912188622
1504, 2.88583486142e-05
1505, 1.2358201334e-05
1506, 5.67972673454e-05
1507, 1.14311187992e-05
1508, 0.00033790188327
1509, 9.46342270861e-05
1510, 2.02123486232e-05
1511, 6.58087191598e-05
1512, 5.84563038768e-05
1513, 0.000338453217727
1514, 9.45865971779e-05
1515, 1.57920000392e-05
1516, 6.34728281275e-05
1517, 9.21159123674e-05
1518, 0.000483783387306
1519, 5.33680714721e-05
1520, 0.000309625131759
1521, 5.47734494847e-05
1522, 9.99180012068e-05
1523, 0.000319525370726
1524, 6.42924981628e-05
1525, 1.33926529101e-05
1526, 1.01419390464e-05
1527, 4.79166896813e-05
1528, 0.000332316188287
1529, 0.000396927543917
1530, 8.84127366953e-05
1531, 0.00041447303876
1532, 3.89045746011e-05
1533, 4.97485482718e-06
1534, 4.10614649556e-05
1535, 9.05268995995e-05
1536, 1.14353163132e-05
1537, 4.22752949065e-05
1538, 6.60014882925e-05
1539, 8.70385867808e-05
1540, 0.000150101197178
1541, 2.33888014528e-05
1542, 2.27066066753e-05
1543, 0.000312265712609
1544, 5.66787982842e-05
1545, 0.000368179580137
1546, 4.15137418448e-05
1547, 5.14748779668e-05
1548, 4.15137418448e-05
1549, 7.54491700955e-05
1550, 0.000355318015917
1551, 0.00034974703
1552, 0.000364484521873
1553, 0.00010077859777
1554, 7.54491700955e-05
1555, 0.00037365672587
1556, 0.000342981314943
1557, 0.000339973833756
1558, 7.13813723635e-05
1559, 0.000339973833756
1560, 9.84398325589e-05
1561, 4.15137418448e-05
1562, 0.000339973833756
1563, 4.15137418448e-05
1564, 0.000339973833756
1565, 4.15137418448e-05
1566, 4.15137418448e-05
1567, 4.15137418448e-05
1568, 4.15137418448e-05
1569, 0.000339973833756
1570, 4.15137418448e-05
1571, 4.15137418448e-05
1572, 0.000339973833756
1573, 5.12345568944e-05
1574, 4.15137418448e-05
1575, 4.15137418448e-05
1576, 4.15137418448e-05
1577, 4.15137418448e-05
1578, 0.000373896654688
1579, 0.000339973833756
1580, 4.15137418448e-05
1581, 4.15137418448e-05
1582, 4.15137418448e-05
1583, 4.15137418448e-05
1584, 0.000339973833756
1585, 7.54491700955e-05
1586, 4.15137418448e-05
1587, 4.15137418448e-05
1588, 6.14227359722e-05
1589, 0.000382365815723
1590, 6.14227359722e-05
1591, 0.000369666522415
1592, 6.985876515e-05
1593, 9.13123707706e-06
1594, 3.21351171158e-05
1595, 9.85915893666e-06
1596, 0.000307418003763
1597, 4.28559710534e-05
1598, 5.06725906601e-05
1599, 1.02837102689e-05
1600, 6.25387452598e-05
1601, 6.24958121391e-06
1602, 3.8427052343e-05
1603, 2.27468778444e-05
1604, 0.000307599431829
1605, 6.4866298041e-05
1606, 6.07541058433e-06
1607, 4.92888654886e-05
1608, 4.09104987703e-05
1609, 4.51351230995e-05
1610, 3.12595937746e-05
1611, 0.000327173418957
1612, 1.60293033e-05
1613, 6.36045108223e-06
1614, 0.000304042161582
1615, 0.000102189703899
1616, 9.30515043412e-06
1617, 8.44835990377e-06
1618, 1.94102954635e-06
1619, 0.000306778765756
1620, 7.56758161376e-05
1621, 1.33088384825e-05
1622, 2.18721348082e-05
1623, 5.31344243894e-05
1624, 4.29281255386e-06
1625, 4.29281255386e-06
1626, 1.21269567403e-05
1627, 1.22601384431e-05
1628, 5.71245848422e-05
1629, 4.47300317321e-05
1630, 3.39356393778e-05
1631, 4.60210355282e-05
1632, 0.000332369559389
1633, 3.39356393778e-05
1634, 3.39356393778e-05
1635, 3.39356393778e-05
1636, 3.39356393778e-05
1637, 0.000332369559389
1638, 3.39356393778e-05
1639, 0.000344122231741
1640, 3.39356393778e-05
1641, 3.39356393778e-05
1642, 4.44150035823e-05
1643, 6.49496141281e-05
1644, 5.38467999035e-05
1645, 3.39356393778e-05
1646, 3.86701540603e-05
1647, 3.39356393778e-05
1648, 0.000332369559389
1649, 3.39356393778e-05
1650, 3.39356393778e-05
1651, 3.39356393778e-05
1652, 0.000323521729785
1653, 1.68950088065e-06
1654, 0.000302094073412
1655, 1.65468297724e-05
1656, 0.000312278830568
1657, 1.34487614856e-05
1658, 3.55836204794e-05
1659, 1.20881960457e-05
1660, 1.20881960457e-05
1661, 6.58774460994e-06
1662, 0.000318530317037
1663, 1.98958224205e-05
1664, 0.000346935622272
1665, 1.98958224205e-05
1666, 1.98958224205e-05
1667, 1.98958224205e-05
1668, 1.98958224205e-05
1669, 1.98958224205e-05
1670, 1.98958224205e-05
1671, 4.85359855187e-06
1672, 2.01429025081e-05
1673, 3.80283136773e-06
1674, 7.72348755509e-06
1675, 1.1185791566e-05
1676, 0.000308774464883
1677, 8.70146194698e-06
1678, 0.000307474386867
1679, 0.000307474386867
1680, 1.10466210932e-05
1681, 0.000313507432713
1682, 1.24120939659e-05
