1, 0.002691883961439936
2, 0.001612305293481518
3, 0.0008292366228752224
4, 0.0022219076988732114
5, 0.0008544552132257831
6, 0.00024705975457738587
7, 0.00249395127754056
8, 0.0017892346148773075
9, 0.0021851726272608544
10, 0.0007434395662799801
11, 0.0022711872327024316
12, 0.0021288015055667352
13, 0.001383735898158366
14, 0.0011818862232070824
15, 0.0017793734892947914
16, 0.00033680551543769277
17, 0.0008736645668040839
18, 0.00014131301831275656
19, 0.0004523925430052253
20, 0.000603970811394757
21, 0.0007679933116164974
22, 0.0022990989062727425
23, 0.0018095628030348036
24, 0.001672516053731941
25, 0.0020165294932292066
26, 0.0007560788188578334
27, 0.0006425796094412829
28, 0.002198471142914709
29, 0.0011909599902180717
30, 0.0004249737992986366
31, 0.0017315342053368364
32, 0.0008040796200496072
33, 0.001258489856480166
34, 9.312153987726341e-05
35, 0.00013358410297271487
36, 0.0005116811175912027
37, 0.00014259719984544597
38, 0.0012048134634292428
39, 0.0008884224610293625
40, 0.000653561012941677
41, 0.00044804533422040986
42, 0.0013689769572596596
43, 0.000795420427202768
44, 0.0009351609368574149
45, 0.0007042652917130807
46, 0.0006563193824374565
47, 0.0016105211559580548
48, 0.0013542522168000298
49, 0.0008926016458419314
50, 0.0036263759941159357
51, 0.0011991966003011758
52, 0.0009180645684822546
53, 0.001267825630699082
54, 0.001127947291910754
55, 0.001627159388184048
56, 0.00275920815732578
57, 0.0004123841713771675
58, 0.0016570260557520753
59, 0.0010529911180256516
60, 0.000617633172019296
61, 0.0009185851213351166
62, 0.0012491910767839208
63, 0.0008454953093933645
64, 0.002194732384507915
65, 0.0011613683026834684
66, 0.0014794115803467706
67, 0.0010727479060345178
68, 0.0016354329321125502
69, 0.002778230928098176
70, 0.0023589944516227974
71, 0.001882376226371463
72, 0.0016157892496451724
73, 0.001278672570603779
74, 8.70478094214709e-05
75, 0.000375085254464628
76, 0.0006562656160345203
77, 0.0014578978782351206
78, 0.0007188078582888279
79, 0.0025465809132065413
80, 0.0007844947477008795
81, 0.0011847923671702754
82, 0.0021990897699059033
83, 0.001713745270214405
84, 0.00020446585807883737
85, 0.0006557937432828154
86, 0.0015468152736783838
87, 0.0016006775207672325
88, 0.0018635183946227789
89, 0.002206047989759543
90, 0.0012876573760257947
91, 0.0016452984171814989
92, 0.001346959818850007
93, 0.0012182390578257421
94, 0.0015775115924160147
95, 0.00188893124370185
96, 0.0023235766470103896
97, 0.002120217546704531
98, 0.0027178561423361215
99, 0.0015977837149007549
100, 0.0032350448478710688
101, 0.001054071156283169
102, 0.0008358769345642378
103, 0.00016452129191272687
104, 0.0003720076916171696
105, 0.0006512703440613251
106, 0.0005888555023883902
107, 0.00034793557404418904
108, 0.0005587654896896448
109, 0.0010176702063428409
110, 0.0003507472198124519
111, 0.0018234902606469115
112, 0.00020246730273876124
113, 0.00010277096327310945
114, 0.0007731786848681754
115, 0.0001301938873811453
116, 0.0009097293092017268
117, 0.0024059651615486945
118, 0.0019595063184958315
119, 5.099036531763599e-05
120, 0.0005872571491787815
121, 0.002731558011962146
122, 0.0009486958747878913
123, 0.0009744031676934873
124, 0.00157068214956146
125, 0.00168062198496516
126, 0.000632751580141603
127, 0.0024900776157574644
128, 0.0006927275514444581
129, 0.0009590699195970439
130, 0.00021516832511763711
131, 0.0008909061143502137
132, 0.002027371668174522
133, 0.0013890548450117316
134, 0.0018663341054865384
135, 0.002080235165607219
136, 0.0008911556467042744
137, 0.0011738980525776751
138, 0.0001841707426405076
139, 0.0008954436018100314
140, 0.0006191320553511212
141, 0.0010971885127908868
142, 0.0006116468590588786
143, 0.0019138908040741993
144, 0.001973971454030148
145, 0.0006357453809699482
146, 0.00010646965911150414
147, 0.0013624331481601646
148, 0.001276550579741722
149, 0.0002778903500864488
150, 0.0011162036244559347
151, 0.0021696325932476024
152, 0.0010909252200333032
153, 0.0019920994861603284
154, 0.001779305105313056
155, 0.0009982162069502583
156, 0.0012742856302045966
157, 0.0011928553038910719
158, 0.0006200220362295772
159, 0.0012667984532560381
160, 0.0010444702907586277
161, 0.001965180689702611
162, 0.0009488262802361964
163, 0.0008472617955595289
164, 0.0013390477195364856
165, 0.0005117594193394444
166, 0.0005057919988577001
167, 0.0010020447855918725
168, 0.0024100980843471814
169, 0.00121159534435161
170, 0.0010429000526153676
171, 0.0009378510080820016
172, 0.0026918544673998784
173, 0.002384697432665012
174, 0.0029472337805724652
175, 0.0017078114075669872
176, 0.0022374872542430886
177, 0.0011753242760375896
178, 0.0013620913757078136
179, 0.0018640064253349262
180, 0.0017861345716902674
181, 0.003359714978358255
182, 0.001888670954814685
183, 0.0022291489127992258
184, 0.0011055653538468338
185, 0.001899254070124519
186, 0.0021117027649203697
187, 0.0019558153553595335
188, 0.001855339065184159
189, 0.0008454641914804547
190, 0.0010898479957686948
191, 0.002452202713382453
192, 0.0010160333649821614
193, 0.0014222356082639203
194, 0.0020849585424534555
195, 0.0023938064598248245
196, 0.002391654028103988
197, 0.0021088835322698378
198, 0.0011775489733187167
199, 0.0013598125714320405
200, 0.002046513602231156
201, 0.0011054580478567146
202, 0.002256525783849039
203, 0.0019493431294871964
204, 0.0026793158385625612
205, 0.001115020680437225
206, 0.0008439724453568054
207, 0.0006590468170284483
208, 0.0017257704223417167
209, 0.0019679213586972994
210, 0.002811109632291237
211, 0.0020192133581826478
212, 0.001175231468807512
213, 0.0010667939415376416
214, 0.001013006499138542
215, 0.0021317314177491287
216, 0.002303840068387926
217, 0.001197980079949009
218, 0.001615695963623263
219, 0.0011304245681545864
220, 0.000517994115285171
221, 0.0006225533507411373
222, 0.0023116112927645924
223, 0.0012250245318463308
224, 0.0004212255545726252
225, 0.0008535851016907711
226, 0.001617667839272955
227, 0.0014571627752924454
228, 0.0023202882376992732
229, 0.001837323252741253
230, 0.001728523567806465
231, 0.001389042238848737
232, 0.0010641731613954422
233, 0.0012237427367319889
234, 0.0022587551939975948
235, 0.0017044911524170402
236, 0.0004510324549541373
237, 0.0025859351949669455
238, 0.0021087281126376404
239, 0.0014723713461013176
240, 0.0012226364125830574
241, 0.0012696235795197827
242, 0.0006549358292811892
243, 0.0007357750583540836
244, 0.00035082584146638716
245, 0.001246971696502241
246, 0.001156985716508511
247, 0.0003514492137804146
248, 0.001255483061359546
249, 0.0010019462459714477
250, 0.001425360210163749
251, 0.0003909227383880213
252, 0.0011406740461483906
253, 0.0001931417931992911
254, 0.0005328623337171831
255, 0.0013023087294927157
256, 0.0001938066190143711
257, 0.0018357668468707634
258, 0.0028156464669698016
259, 0.000934585549527148
260, 0.0008507959835018118
261, 0.0002716123076591106
262, 0.0007897244224687216
263, 0.000451862622113429
264, 0.0006861741799409368
265, 0.0019002951825246967
266, 0.0002517801271887678
267, 8.211177152104944e-05
268, 0.0014650050053672259
269, 0.0018240827546373828
270, 0.0008520744191019777
271, 0.001218992556319817
272, 0.001120525714292223
273, 0.0016088538898461526
274, 0.001361643006691352
275, 0.001563900189556079
276, 0.0017748037889855526
277, 0.0008635206685047329
278, 0.0004441437076784825
279, 0.00028896676204154546
280, 0.000662713701794407
281, 0.0011864066175535164
282, 0.001568530606623017
283, 0.0011844049913080062
284, 0.001459980213659195
285, 0.0010467014720093118
286, 0.002201393648680877
287, 0.0006380558870923651
288, 0.002403377705734421
289, 0.0016051454828889622
290, 0.0008703165513398128
291, 0.0010340823823784232
292, 0.0006369605581097105
293, 0.0010197759183544867
294, 0.002398275746025431
295, 0.0008418973154246641
296, 6.408502993207558e-05
297, 0.0006828123176846757
298, 0.0012818397006440331
299, 0.000761849775515594
300, 0.0019295197229690579
301, 0.0012231088545814393
302, 0.0018942089865934787
303, 0.0007581110507316123
304, 0.001062501731088774
305, 0.0008342292259345858
306, 0.0004996362803272739
307, 0.001007978812599669
308, 0.000517008044153936
309, 0.00014856256627505623
310, 0.000795576925928842
311, 0.0007296669404534793
312, 0.0005105407900263538
313, 0.0017880546658043377
314, 5.85053459269169e-05
315, 0.0009228077933031341
316, 0.0007779885651398384
317, 0.0009995328504888638
318, 0.002447248007418083
319, 0.0012278805134645677
320, 0.0005161109150654472
321, 0.0009001990645710894
322, 0.0011579446379721124
323, 0.0011810284232529372
324, 0.0007347305408591277
325, 0.0007547870959431202
326, 0.0008962858454443817
327, 0.0008579199644103159
328, 0.0015395520791011076
329, 0.00030970857043406913
330, 0.00034519195567180646
331, 0.0008940173737463585
332, 0.000766334176540711
333, 0.0015973048806782978
334, 0.0003951139422254883
335, 0.00043022497098407216
336, 0.000579429947277312
337, 0.00045896521632527397
338, 0.00057898654475569
339, 0.000291887891656796
340, 0.0009621249601670079
341, 0.00011601546902244028
342, 0.0003497220328044284
343, 0.0007234077651741941
344, 0.0006008263923944348
345, 0.0007335168201844609
346, 0.000790135522053428
347, 0.0008791528531440166
348, 0.0004858420552739912
349, 0.00022065814122380526
350, 0.00028794570737211516
351, 0.00048575613107515664
352, 0.00017974447803254206
353, 0.00041519968059584573
354, 0.0005166622553558426
355, 0.00030407858748542505
356, 0.001301147687093515
357, 0.0022569350830543827
358, 0.0008243755756031669
359, 0.00012644273412255704
360, 0.00038046867719466126
361, 0.0003786587657680175
362, 0.00019085438673373476
363, 0.0008001761045753634
364, 0.0007208036946417639
365, 0.0005253539573770267
366, 0.0005972068014646664
367, 0.0016671561880423126
368, 0.0003254190127446535
369, 0.0004683096305278756
370, 0.0006148484535120109
371, 0.001000744622975435
372, 0.00038024224384669786
373, 0.0007412082102122369
374, 0.00014958268496422864
375, 0.0003105967561654219
376, 0.0005541715779357326
377, 0.00018961878452835703
378, 0.0009807461311489808
379, 0.0005025249616786273
380, 0.0014431869186844368
381, 0.0011893819691285667
382, 0.0010436003727343263
383, 0.00033310771558617486
384, 0.000756580174691406
385, 0.002212767720162493
386, 0.0009383542692487026
387, 0.0007574857246479335
388, 0.0006585663131682529
389, 0.00030851129374085773
390, 0.00011126803734475925
391, 0.0009655074190982615
392, 0.0007073492922600455
393, 0.0020958686258637383
394, 0.00015966616305202583
395, 0.0008775525606191687
396, 0.000697588086476634
397, 0.0004599318618283733
398, 0.0003272194812512272
399, 0.0012178503573894812
400, 0.0002275379689207571
401, 0.0008527907309365756
402, 0.0015724544680166736
403, 0.0021578036862037785
404, 0.0010369532289739955
405, 0.0026502364430722233
406, 0.0004071826399450842
407, 0.0006816966424441291
408, 0.0007729078004257911
409, 0.0005989931235897742
410, 0.0012646889281266113
411, 0.0013164656267480451
412, 0.0008271852607038166
413, 0.0005118184483213762
414, 0.000654262854209953
415, 0.0006306727376698574
416, 0.0009317647075882201
417, 0.0008397158766891325
418, 0.0011998570307575123
419, 0.001561486612494089
420, 0.0011354247690540757
421, 0.001317114708800387
422, 0.00024828732570655567
423, 0.0024011605300121117
424, 0.00047416516198351907
425, 0.001214889896445344
426, 0.0003565493701913497
427, 0.0016384728495032505
428, 0.001161772216739383
429, 0.0008647053635800668
430, 0.0008853572199957469
431, 0.0016999490471443657
432, 0.001515782813819246
433, 0.0016187068162978947
434, 0.0006390705886169809
435, 0.0016457565197172004
436, 0.001300233542817026
437, 9.011243373988085e-05
438, 0.00010646396021146511
439, 0.00037957447848476145
440, 0.00019115013735793976
441, 0.0005237647948815249
442, 8.197676902011143e-05
443, 0.0017829142994892652
444, 0.0004914697488972645
445, 0.0005591729972098832
446, 0.000139153246261498
447, 0.0011706794360746944
448, 0.0012066601816161213
449, 0.0010787583514284508
450, 0.0008981659374556379
451, 0.0015918338482269624
452, 0.0009804307854536555
453, 0.00022202925353803665
454, 0.00048185957080320603
455, 0.001469254359708887
456, 0.0003958088041916456
457, 0.00023240599670147486
458, 0.0006717447459903381
459, 0.00023094062624345922
460, 0.00026506093446317347
461, 0.0008028899953118387
462, 0.0012544007870462204
463, 0.000685586858877518
464, 0.00037046216921383343
465, 0.0011069915630983929
466, 0.0005507929056215413
467, 0.0005477415296157197
468, 0.0007013099447996287
469, 0.0007281140954477164
470, 0.0011261144843622028
471, 0.0018273864302009591
472, 0.001309906207052369
473, 0.0010458665760045326
474, 0.0015452962482061861
475, 0.0016018699553669903
476, 0.0011607997094096848
477, 0.001053558698248649
478, 0.0008273398229427008
479, 0.0017199076742988172
480, 0.0017443011050670568
481, 0.0005999474668913
482, 0.0010942264925984148
483, 0.002092475412699456
484, 0.001379717243662605
485, 0.0013568030949925322
486, 0.0005291397567798642
487, 0.0005340888897862935
488, 0.0009391420269552564
489, 0.0005101845227089628
490, 0.00046822225203733134
491, 0.000676201037544356
492, 0.0008590003692510399
493, 0.0005488091359737077
494, 0.0008184525927690672
495, 0.000511997169264117
496, 0.0017616184653242008
497, 0.0006351171098389796
498, 0.0015506960643509368
499, 0.0005737865208647859
500, 0.00035757436345775124
501, 0.0014756433136009902
502, 0.000899815796979026
503, 0.0004393062216661665
504, 0.0010707594477431489
505, 0.0006886252728846605
506, 0.0009424238320391793
507, 0.0008533177252150557
508, 0.0016973808770697192
509, 0.0010700753834206194
510, 0.0013111563524330402
511, 0.0016797277283655272
512, 0.0005446331723844598
513, 0.0006198812043251537
514, 0.0016564222718220326
515, 0.0013597477330735375
516, 0.0006316521788935315
517, 0.0008401071972673322
518, 0.0009007638469905188
519, 0.0010120271085288135
520, 0.0010773450734402113
521, 0.0010824223148832982
522, 0.0003524904347721513
523, 0.001244079670589495
524, 0.0003973635439201872
525, 0.0010004950536304867
526, 0.0011261643069017146
527, 0.0019239880596134324
528, 0.0013041786413710578
529, 0.0008329691181192494
530, 0.0007522708764210514
531, 0.0013748026142033057
532, 0.00019402024084974424
533, 0.00017382832944604795
534, 0.00015780403112339213
535, 0.00040926115636765636
536, 0.00015386869718314274
537, 0.0003925692609351237
538, 0.0006371474757474011
539, 0.00028211911107343306
540, 0.0005249176664745655
541, 0.0005723298479254098
542, 0.0008440258255519308
543, 0.00025000366223514806
544, 0.0009051524433860729
545, 0.00017394251664938732
546, 0.0018780603875077813
547, 0.00038535005418574754
548, 0.00015425669917904162
549, 0.0013149976998307062
550, 0.0015277846316106589
551, 0.0002976072629152221
552, 0.0005665489108574245
553, 0.0006655075942331605
554, 0.0013156188310316907
555, 0.00044708861005676227
556, 0.0004804918239379573
557, 0.00022470087556231312
558, 0.0010801526170602413
559, 0.0014058324149059378
560, 0.00024049698980862656
561, 0.0006475415660953634
562, 0.0005380120991395738
563, 0.0006237809225812394
564, 0.0003209950414719889
565, 0.0002598521798632668
566, 0.0016865900450006915
567, 0.0003604632696377663
568, 0.0022928343318828455
569, 0.0010552004601180431
570, 0.0005682061926946408
571, 0.0004053268318703347
572, 0.0006874162005907142
573, 0.0006448404690431479
574, 0.00022225529505415142
575, 0.0004983808743552301
576, 0.0010072775587589848
577, 0.0007752410086653233
578, 0.0013191429489168196
579, 0.0002324868848478422
580, 0.0006017787629852636
581, 0.0006490971649244686
582, 0.0014165200740236504
583, 0.0004556704508209838
584, 0.0007520704722334783
585, 0.00044985897290969023
586, 0.000714587916226987
587, 0.00018192074197373776
588, 0.0019768368994317904
589, 0.00043928592857362785
590, 0.0004766080539978374
591, 0.001352434909413889
592, 0.0004325328407863096
593, 0.0004482320708218399
594, 8.734823097330177e-05
595, 0.0004920491109783115
596, 0.0009018940544027577
597, 0.0015241180014348486
598, 0.00035622657616818376
599, 1.6550880590888554e-05
600, 2.6743944155313774e-05
601, 0.00024654347894198714
602, 0.0008045609598802625
603, 0.0016061720247566877
604, 0.0006607450055140595
605, 0.00031633867445103776
606, 0.0006451454615298546
607, 0.0006296376442032978
608, 0.0006256679469403041
609, 0.0005715358995826399
610, 0.0007505206668002914
611, 0.00038414319314167354
612, 0.0006464391486471966
613, 0.0002946200072908058
614, 0.0005333447009290124
615, 0.0005205656535260701
616, 0.0009660890462672058
617, 0.0004674729871372104
618, 0.00020546042871589116
619, 0.0006326665661864659
620, 0.00043070691241757893
621, 0.0004422086064360744
622, 0.0007340912687196126
623, 0.000422538631605771
624, 0.0002953972171601677
625, 0.0008053563696004807
626, 8.334561868745287e-05
627, 0.00076797724293548
628, 0.0012826282834440782
629, 0.0007564453080241016
630, 0.0003596293460030283
631, 0.0014356166405659885
632, 0.0005618567260194158
633, 0.0006190765623587182
634, 0.00024396620214875035
635, 0.0005458734668093055
636, 0.0009765189435798253
637, 0.0006907183288511441
638, 0.0007473308078390128
639, 0.0007320712727317198
640, 0.0007967009103218293
641, 0.0005967209477899704
642, 0.0009659887886574112
643, 6.0603032844748516e-05
644, 0.0007016445246596907
645, 0.000594181818316167
646, 0.000685009025954012
647, 0.0007216226748859067
648, 0.0005730404766605331
649, 0.0005909058674202892
650, 0.000719597567784911
651, 0.001484706877285847
652, 0.0008539395815372392
653, 0.000380279970214063
654, 0.0012695797851718627
655, 0.0019427775813622861
656, 0.0004339175344802153
657, 0.0011256323878640776
658, 0.0008822695458136999
659, 0.0012784628088437153
660, 0.0016630365177888226
661, 0.0010539191619709837
662, 0.000776406647863771
663, 0.0010633653881580174
664, 0.0004677873718702085
665, 0.0009990715931305094
666, 8.378777275767792e-05
667, 0.00015711890680959287
668, 0.00011574784019612978
669, 0.00017464269422925123
670, 0.0007142877932035609
671, 0.0005070583236929803
672, 0.000658762013702034
673, 0.0008686327350234637
674, 0.0008334209693191346
675, 0.0005649352237903351
676, 0.0008929032661347746
677, 1.6550880590888554e-05
678, 0.0012220917110748219
679, 0.0010823001455452358
680, 0.00025230365264403896
681, 0.00021283998122923714
682, 0.00081703453180537
683, 0.0003206143118387266
684, 0.0015424358660980188
685, 0.0015383572973990953
686, 0.0006211034140521157
687, 0.000766551600299846
688, 0.00026050385596508325
689, 0.000817392151360433
690, 0.0007356179525163862
691, 0.0004229006933845474
692, 0.001490496663459852
693, 0.001012557498752711
694, 0.00039569773905425744
695, 0.00017279883137122948
696, 0.0009433050899542122
697, 0.00046358529152825285
698, 0.0004569121215144249
699, 0.0009280075011521614
700, 0.0005469863602670095
701, 0.00035931600278539316
702, 0.0006274806803166867
703, 0.00021813007489268223
704, 0.0005440374284327086
705, 0.0011059402441545739
706, 6.73464393362e-05
707, 0.0009394079623601783
708, 0.0013076066838384095
709, 0.0010153716798294934
710, 0.0007935006683497898
711, 0.0002974578630841845
712, 0.0005806413119744745
713, 0.0006018739240414466
714, 0.00045094041177493147
715, 0.0012960444567015564
716, 0.0006257612053326362
717, 0.0006525252158916532
718, 0.00017238333709807959
719, 0.0003788632136251967
720, 0.0008306023401195867
721, 0.0006089958857261129
722, 0.0009559655395043859
723, 0.00043839502312625715
724, 0.0007393151169077262
725, 0.00025626907150048354
726, 0.00019535673409446294
727, 0.000696779033396925
728, 0.0005691504039676851
729, 0.0008983306460094283
730, 0.0002663169772414614
731, 0.0004881796376779968
732, 0.001671897409644774
733, 0.0005132608826023805
734, 0.0006448720707946002
735, 0.001338875237004551
736, 0.000740785844257803
737, 0.0006420375308306848
738, 0.00062366158684843
739, 0.0015716449237327685
740, 0.0004455252303822863
741, 0.0007974061988424591
742, 0.0017885713351917668
743, 0.0003556645587711366
744, 0.0006562235625942265
745, 0.0001981076151681192
746, 0.001230601459875274
747, 0.0010517813021932456
748, 0.0015837336856332775
749, 0.00036989871536930884
750, 0.0006878998162323607
751, 0.0010464133906891203
752, 0.0003044560024604401
753, 0.00026888287333846276
754, 0.0005928790307158695
755, 0.0009704369703504126
756, 0.0009452912527747933
757, 8.718248787700973e-05
758, 0.0005129619363804535
759, 0.00017699672983731665
760, 0.000394814347047371
761, 0.0008452870608847063
762, 0.0009556325632763877
763, 0.0011089090598056625
764, 0.0005966485392174454
765, 0.0004602966605982183
766, 0.00043882771688454975
767, 0.00016460803372983225
768, 0.0005993398249511126
769, 0.00046429718366203514
770, 0.0006541216290816723
771, 0.0004778708753648586
772, 0.0005164029288653264
773, 0.00023118337054779146
774, 0.00039535302229267653
775, 0.0003683254339934182
776, 0.00013869411820497705
777, 0.0003782006471857532
778, 0.0010756998188059085
779, 0.0006935690806174039
780, 0.0010456904973807613
781, 0.0008622201814075269
782, 0.0005029573220090783
783, 0.0005005070389621828
784, 7.036438415406588e-05
785, 0.0007609049010827678
786, 0.0005288138012360867
787, 0.00019068634741838724
788, 0.000361433544982008
789, 0.0005798474137268767
790, 0.0007157493092668631
791, 0.00015787658879500452
792, 0.0012212587677154407
793, 0.00018018971329683607
794, 0.0008406594816924768
795, 0.0002707591733089474
796, 0.00045376304398586577
797, 0.0003462654817907407
798, 0.00014952379020651316
799, 0.0003564549401219994
800, 0.0003368500116978827
801, 0.0002364674839040015
802, 0.0007858273499851119
803, 0.00016450354792684412
804, 0.0004175808607236268
805, 0.00036276377988040727
806, 0.0008677808029654858
807, 0.00018102181173543377
808, 0.00039079479976370456
809, 0.0004849821016435854
810, 0.0008115852394143454
811, 0.00048111260680648474
812, 0.0002447963357777987
813, 0.0007198752657017996
814, 2.924901398776802e-05
815, 0.0008137274556252378
816, 0.0005356401691512492
817, 5.204232531457472e-05
818, 0.0005693489217276615
819, 0.0003450107330665355
820, 0.0008241891699420102
821, 0.00025692120219679887
822, 6.332516807263083e-05
823, 0.0007728894423606398
824, 0.00083594495630731
825, 0.0007547049830764256
826, 0.0007066891979291885
827, 0.0004638134039465911
828, 0.0001372246242080018
829, 0.0002763944020832454
830, 2.924901398776802e-05
831, 0.0011191847295328199
832, 0.0002377879115503987
833, 0.0007625611714556434
834, 0.00026224952144624316
835, 0.00014082167508912687
836, 0.0005698955382765806
837, 0.0002942166401318805
838, 0.00033658000093730135
839, 5.452081282655522e-05
840, 0.00047871204858359565
841, 0.0006947461101353644
842, 0.0006415207128232573
843, 0.00039411916819989814
844, 0.00040927633474038084
845, 0.001633133420906296
846, 0.0003696319605142157
847, 0.0004902377559012194
848, 0.00041442397128061586
849, 0.0008572693439554294
850, 6.69600205033799e-05
851, 0.00037607624969976925
852, 2.924901398776802e-05
853, 0.0004883163481942843
854, 0.00021320500208674872
855, 0.0005906755933774649
856, 0.00038526646750475056
857, 2.924901398776802e-05
858, 7.849866917430113e-05
859, 0.00045488866489749337
860, 0.00019583944652815428
861, 8.136555261074681e-05
862, 0.00018706117384886378
863, 0.00025525913435719055
864, 0.0009048486444895292
865, 0.0002545114591936019
866, 0.0008448776354006444
867, 0.00012266900976742618
868, 4.639667272136738e-05
869, 0.00029161286285583763
870, 0.0001230764690815373
871, 0.0008322650826176022
872, 0.0003072866055644331
873, 0.0007614795177994067
874, 0.0005817867203261893
875, 0.0003944463300576788
876, 0.0003292360280956005
877, 0.00035669349770722254
878, 0.0005502072575046233
879, 0.0007276655885217304
880, 0.0006552827208451547
881, 0.000309695255788628
882, 0.00024276792388697773
883, 0.00012272967840104083
884, 9.195925370492245e-05
885, 0.0004396705285556285
886, 0.0003357365491024391
887, 0.00040686032422041234
888, 0.0001276125777795577
889, 0.0004304274454978154
890, 0.0006857044685335314
891, 3.998667709310519e-05
892, 0.0003097465436636564
893, 0.0003811990754049554
894, 0.0001278137722866141
895, 0.0009630074617801622
896, 0.00030669167128450546
897, 3.585666831510677e-05
898, 0.0006148834612765611
899, 0.00010072975467202775
900, 0.0003057624776264048
901, 0.00040188453061945037
902, 0.0006093594351629364
903, 0.00015913570027596436
904, 0.00023426667315812382
905, 0.00022237144825894243
906, 0.0004495085024594087
907, 3.605029784766266e-05
908, 0.0001324797808998016
909, 0.00012226700133999985
910, 0.00036323155499417317
911, 0.0003702182292766322
912, 0.00011534341368820099
913, 6.525540481400205e-05
914, 0.00011724173598971953
915, 0.00017568056421987929
916, 0.0004975680913725301
917, 9.2544851306074e-05
918, 0.00041413629402278817
919, 0.0007733843212833865
920, 8.864147185289627e-05
921, 0.0007627011215444674
922, 0.0003461866743191958
923, 0.0004864611048051791
924, 0.0006403336130170418
925, 0.0003156926644390872
926, 0.0007548793914412094
927, 0.0001039599350277299
928, 0.0009036418524320562
929, 0.0003823699644056917
930, 0.0006864219071926663
931, 0.0005414356437634583
932, 0.0006472359533814991
933, 0.00018874699260736745
934, 0.0005008907560266407
935, 0.00037506963263870673
936, 0.0002748161797280353
937, 0.00022414517582551444
938, 0.0001493067418650207
939, 0.000954051763151434
940, 0.00039801214503974974
941, 0.0005036902386858698
942, 0.0008771110065115522
943, 0.0007401180174813184
944, 0.0007871176403609881
945, 0.0003977364145452493
946, 0.0006030261420180536
947, 0.00015925382654460217
948, 0.0003242988430682376
949, 0.0006562165282921053
950, 0.0003276251204007697
951, 0.00044400756008998156
952, 0.0006782785345669465
953, 0.0002973898761082599
954, 0.00015363046749954865
955, 0.0008282317889437198
956, 0.0008004755946857021
957, 5.230966591396183e-05
958, 0.00017132265731252495
959, 0.0007263236434843719
960, 0.00029333637579698104
961, 0.0006377399772824835
962, 0.0002287794428358466
963, 0.0003608035696286599
964, 0.0004296063714600572
965, 0.00024509319664439043
966, 0.0006088544069413136
967, 0.000431930181788398
968, 0.00017347365868677805
969, 0.0009238976959176524
970, 0.00011607578485624437
971, 0.00035078970705808407
972, 0.0003693415005037967
973, 0.00032866624049871586
974, 0.0003265047498925094
975, 0.0004124914354333764
976, 0.00012379175424156078
977, 0.0004752702084337407
978, 0.00025166229287088075
979, 0.0003542378539384935
980, 0.00028741815077144855
981, 9.432250658118668e-05
982, 0.0004939895846833636
983, 0.00015474611519704284
984, 0.00033908338410180175
985, 0.0001916808909725678
986, 0.00021258506337313215
987, 3.95779531438318e-05
988, 0.0007187785994901799
989, 0.0004940273737053728
990, 0.00022158360460031862
991, 0.0001916135670432776
992, 6.174845451516187e-05
993, 0.0004881979703261573
994, 0.00038410656189545546
995, 0.00022092871287018168
996, 0.0001607021000306016
997, 0.0005181659120035922
998, 0.00018174101959747714
999, 0.0001353497550093043
1000, 0.00013610957358859335
1001, 0.00018711044909696748
1002, 0.00010540226605727722
1003, 8.568795067728078e-05
1004, 0.0001270558432720709
1005, 0.00023579194864511407
1006, 0.0002713633463572741
1007, 0.0006720653143455614
1008, 0.0003370580968493053
1009, 0.0004886653499865748
1010, 0.0007431743143336157
1011, 0.0011193633814778193
1012, 0.0007341249398182991
1013, 0.0003197405468720496
1014, 0.0008002576092226191
1015, 0.0004269859576943275
1016, 0.0013408158356740165
1017, 0.0007152828428247512
1018, 0.0006366106193035426
1019, 0.00030081576454584597
1020, 0.000337815810970755
1021, 0.0006607550986345149
1022, 0.0005070757479942775
1023, 0.00028494408257321853
1024, 0.00039861535864217445
1025, 0.0002770353591691472
1026, 4.534136367650047e-05
1027, 6.323763279265002e-05
1028, 0.0013836319885797697
1029, 0.0004900240518623407
1030, 0.0002278504833489825
1031, 9.924038169641786e-05
1032, 0.00019718234152579594
1033, 0.00029547880037319253
1034, 0.000554572160354806
1035, 0.0009750559123064921
1036, 0.00026188587159935574
1037, 0.0005814413499817667
1038, 0.00011774210366099011
1039, 0.0007780414626654937
1040, 0.0005166181294803452
1041, 0.0006459623702507128
1042, 0.0006626572545884468
1043, 0.00038839915821881266
1044, 0.0005192240727759316
1045, 0.00033880977744100857
1046, 0.0008390111303953546
1047, 0.0010477725225145436
1048, 0.0006667737549290667
1049, 0.00024312087717247413
1050, 0.0006976778805308714
1051, 0.0006203978501370157
1052, 0.0002632898122487133
1053, 0.0003191000536272899
1054, 0.0002183079910064939
1055, 0.0001384124906507283
1056, 0.00011387135405492466
1057, 0.0002235852735457713
1058, 0.0002117383393190161
1059, 0.0002856858036440995
1060, 0.0003003028304592103
1061, 0.00023272794289915815
1062, 0.0003991005825678947
1063, 0.0006752226231882572
1064, 3.6608447092691177e-05
1065, 0.0007810750674670918
1066, 0.00048435229964498164
1067, 0.0003498531353567918
1068, 0.00014251768246603908
1069, 0.00025607719266885543
1070, 0.00033407241702069866
1071, 0.00019077948297603202
1072, 0.00011084638070359704
1073, 0.0009053258270442074
1074, 0.0011336749689415634
1075, 8.509962962320227e-05
1076, 0.0001733890134432014
1077, 9.384451950884416e-05
1078, 0.0005445157980262061
1079, 0.0004361327485520025
1080, 2.0718506805454917e-05
1081, 9.428173883186373e-05
1082, 0.000112396378217366
1083, 5.5905402266330205e-05
1084, 0.00018102102778447615
1085, 0.00015642314652939912
1086, 0.00023586411794816902
1087, 0.0001274645870417883
1088, 0.00043719613735304386
1089, 0.0003429225727828921
1090, 0.0007103981060904393
1091, 0.0007686245810509509
1092, 0.0004515373771506184
1093, 0.00023577832001460227
1094, 0.0003956029265029373
1095, 0.0002990425563227288
1096, 3.1941790742735204e-05
1097, 0.00021423086540339704
1098, 0.0007245995555468131
1099, 0.0001523973939021304
1100, 0.00014119320577392295
1101, 0.0007386860281745473
1102, 8.069641140928e-05
1103, 0.0002568308816403759
1104, 5.78045178867532e-05
1105, 0.00011243485412775922
1106, 0.00034543545006327766
1107, 0.00027357436299024166
1108, 0.00041674969138244327
1109, 0.00033156028584547674
1110, 0.0007408742694383788
1111, 0.00014049582202767672
1112, 0.0005276184942967208
1113, 0.0006008898379638354
1114, 0.0003919224964766907
1115, 0.00024515639744833933
1116, 0.0004137266642177615
1117, 0.0004417287271044315
1118, 0.0005524223328058594
1119, 0.0005860294864771271
1120, 0.00019791015779036412
1121, 0.0004979546821956427
1122, 8.607429805145007e-06
1123, 4.401685328677201e-05
1124, 0.00040123705882678365
1125, 2.845259428172336e-05
1126, 0.0002810787121065373
1127, 4.779378383655973e-05
1128, 0.00016053051680438575
1129, 0.0005603070955718668
1130, 9.066358768522844e-06
1131, 0.00046064074138145027
1132, 0.0005684086394828205
1133, 0.00032904474206988884
1134, 0.0006549608574542447
1135, 0.0005382399597820803
1136, 0.00032921408332737585
1137, 0.0002489054668612282
1138, 4.608781302845273e-05
1139, 0.0007179555833396225
1140, 0.0005137461908649881
1141, 0.00011292603386647748
1142, 0.0006517267200349693
1143, 0.00045755703004409973
1144, 0.0003467758259298134
1145, 0.00039749385952343415
1146, 5.8956132735362194e-05
1147, 0.00029937759912097037
1148, 0.0001081146954279147
1149, 0.00022032862655953662
1150, 0.0003887004023133173
1151, 0.00011017329064446346
1152, 0.0002023401756857206
1153, 0.00024477382205720936
1154, 0.00011254121536050094
1155, 4.3823379108593466e-05
1156, 3.740926464365069e-06
1157, 0.0005391349225158711
1158, 0.0003454933856591265
1159, 0.00040686977477715424
1160, 0.00025191630418151426
1161, 0.00043537751595379713
1162, 7.596141254509628e-05
1163, 0.00023780932583564597
1164, 0.00035638816968091647
1165, 0.00043271591260613147
1166, 0.00020022785520137183
1167, 0.00014569548268391762
1168, 0.000282179963806648
1169, 0.00016080105511942394
1170, 0.00034237646860339223
1171, 0.00014470231847213527
1172, 0.0004429872957659448
1173, 0.0004121907936739152
1174, 0.00013400702163679664
1175, 5.049088698779581e-05
1176, 0.00016334345165446834
1177, 9.656830650179634e-05
1178, 0.00027009437876621644
1179, 0.00014728847999487
1180, 0.00015021351548681633
1181, 0.0004201546320801515
1182, 0.0004900761087675117
1183, 0.00046993488663432057
1184, 0.0004552970506987589
1185, 0.000204667574131874
1186, 0.00035686676928327283
1187, 0.0004397713407761764
1188, 0.0007609576456618739
1189, 4.171765941810303e-05
1190, 0.00036540716942331803
1191, 2.2131502681883148e-05
1192, 0.00018116728501390322
1193, 0.00013326429112878462
1194, 0.0003536764522056462
1195, 0.00016051581506259667
1196, 5.37067872328737e-05
1197, 0.0006737478335390311
1198, 0.00013990833274174266
1199, 0.0005205110849042231
1200, 0.0003909592905630402
1201, 0.0003024569041630376
1202, 0.00010971959910086698
1203, 0.00020884144262660142
1204, 0.00016976434874168157
1205, 0.00037364837870522904
1206, 0.00026444908399229596
1207, 0.0005202198936595679
1208, 0.0005930584372451643
1209, 0.00023706671200301487
1210, 0.0007602679679531111
1211, 0.0001658534859745344
1212, 6.937575840911987e-05
1213, 0.0003838442871415349
1214, 0.00011965063148358265
1215, 0.0003289766020780297
1216, 0.00035983044847143106
1217, 0.0007650239664695226
1218, 0.00029233958103152196
1219, 0.00022309929287006827
1220, 0.0004394149490225966
1221, 0.000765011593634153
1222, 0.00030701345800930395
1223, 6.860575782872108e-05
1224, 0.0002088002630335676
1225, 0.00018656217683842566
1226, 0.0003468132394434687
1227, 0.0003987843340857327
1228, 0.0005459270924738673
1229, 0.0001731255606047247
1230, 0.00023269397124970904
1231, 0.0005608790244798843
1232, 0.0002477099861892628
1233, 5.092466025095015e-05
1234, 0.0003165519400128382
1235, 3.431593645044536e-06
1236, 3.431593645044536e-06
1237, 3.341678236806832e-05
1238, 0.0003464483278811495
1239, 0.0002552333705592747
1240, 0.00025289335309050645
1241, 5.5688230709451366e-05
1242, 0.00036362784464872395
1243, 3.878279583006382e-05
1244, 0.0006435057680337664
1245, 0.00022913958693880325
1246, 0.00010328503840369958
1247, 0.00010299538784997643
1248, 0.0002804979695192666
1249, 0.0004654349640980282
1250, 0.00010159074224352006
1251, 0.0003445428346366488
1252, 0.00042720516934334523
1253, 0.00011029524353244322
1254, 0.00036336832514609156
1255, 0.00041515028858485706
1256, 6.100343968309121e-05
1257, 7.214033620461442e-05
1258, 0.0005064527692763832
1259, 4.4363692338440865e-05
1260, 6.392887471142219e-05
1261, 7.77493960272816e-05
1262, 0.0004005475434550417
1263, 0.00015507670323429952
1264, 7.70865128635186e-05
1265, 0.00048813766691394673
1266, 0.0004417943232149725
1267, 0.0007631872279415461
1268, 0.00014777706760832907
1269, 0.00011125259164110977
1270, 8.044308418212206e-05
1271, 0.00011294722363789127
1272, 6.0959499943013736e-05
1273, 0.0004747261264892594
1274, 0.0004511107696560054
1275, 0.00036537071944518063
1276, 0.00011482998327539034
1277, 0.0004658611864016368
1278, 0.00012904684847912134
1279, 9.395835982741867e-05
1280, 0.0004043667466257035
1281, 0.0001407661125545537
1282, 0.0003999264104783354
1283, 0.00043808849516239654
1284, 0.0002598412555078051
1285, 0.0001645314608795273
1286, 0.0002145623158551609
1287, 7.633885653900174e-05
1288, 0.00014049896419758738
1289, 0.0003757496779364796
1290, 0.000344971324249803
1291, 0.00018868599530130306
1292, 0.00033767133576682125
1293, 1.1625493778300484e-05
1294, 3.022267507738537e-05
1295, 7.227672304953216e-05
1296, 0.00016664528097695458
1297, 0.0001758578716202649
1298, 8.938741049411894e-05
1299, 0.0003518672299306949
1300, 0.00038200036682360075
1301, 5.558652998180008e-05
1302, 0.0003555714043367121
1303, 0.0005033992413041497
1304, 0.0003062028314232852
1305, 0.00011214190621414644
1306, 4.4624213972193864e-05
1307, 4.4624213972193864e-05
1308, 4.4624213972193864e-05
1309, 3.5112107541611605e-06
1310, 3.5112107541472543e-06
1311, 0.0005291754274760336
1312, 9.168139157863041e-05
1313, 8.372411929488768e-05
1314, 0.0001303428414136632
1315, 0.0004730054827971537
1316, 0.00036102364805867354
1317, 8.359908129963247e-05
1318, 7.629980843709721e-05
1319, 8.832496024247853e-05
1320, 3.198697107529476e-05
1321, 5.1967938185570775e-05
1322, 0.00039157675413236585
1323, 0.000331893191693095
1324, 6.571173908493019e-05
1325, 0.000321555240798125
1326, 5.507126757461884e-05
1327, 4.143468872806341e-05
1328, 6.376147998427081e-05
1329, 0.000321555240798125
1330, 6.226272513993269e-05
1331, 4.802530075302863e-05
1332, 3.829035719334465e-05
1333, 0.0003560774318584838
1334, 7.310686234097674e-05
1335, 0.00012891085221362
1336, 0.00013184996662304413
1337, 0.00014871966834688308
1338, 8.533555384981477e-05
1339, 0.000321555240798125
1340, 3.198697107529476e-05
1341, 3.198697107529476e-05
1342, 0.0003235322126667938
1343, 0.000321555240798125
1344, 8.305706785919915e-05
1345, 0.0003280114161945107
1346, 9.018109407064825e-05
1347, 3.999362083421536e-05
1348, 0.000321555240798125
1349, 3.198697107529476e-05
1350, 4.13849568310156e-05
1351, 8.332257694913574e-05
1352, 3.198697107529476e-05
1353, 9.766614431889133e-05
1354, 3.3596610921625545e-05
1355, 5.6323806563393225e-05
1356, 8.424824840226165e-05
1357, 0.0003245173217458222
1358, 0.00032458957244505795
1359, 0.0003628213062485412
1360, 4.2460604884307576e-05
1361, 6.507752913737839e-05
1362, 0.00032514540533073706
1363, 0.000321555240798125
1364, 3.198697107529476e-05
1365, 3.4113381512362795e-05
1366, 0.000321555240798125
1367, 5.529455223818335e-05
1368, 8.713517594359292e-05
1369, 7.437135396483766e-05
1370, 7.482740293483629e-05
1371, 0.0003274852651984782
1372, 4.261319368796218e-05
1373, 0.000321555240798125
1374, 3.613404200484888e-05
1375, 0.0004142243273864483
1376, 0.00010347718535421482
1377, 0.0003506977891465862
1378, 0.00010371404403700161
1379, 0.0004198777483766037
1380, 0.00038647931077076937
1381, 0.00036264697583489905
1382, 9.342169790670506e-05
1383, 0.00036359682705558433
1384, 9.16577930233268e-05
1385, 7.04271575711135e-05
1386, 7.164170988444462e-05
1387, 9.16577930233268e-05
1388, 9.655371212243891e-05
1389, 5.557817939116803e-05
1390, 5.053197497914894e-05
1391, 9.16577930233268e-05
1392, 5.611143314758609e-05
1393, 9.1571442417755e-05
1394, 0.00010511157413584183
1395, 8.565497280508007e-05
1396, 3.7424354951069994e-05
1397, 0.00035655374896682786
1398, 0.0003162378379503571
1399, 0.0003617181152764991
1400, 0.00017738664048893562
1401, 0.00046018627134301817
1402, 5.2821787833757116e-05
1403, 6.369573441591565e-05
1404, 0.0004516767504692612
1405, 0.0003706332276646344
1406, 6.644038421699303e-05
1407, 0.0005731373890986871
1408, 6.24094532814046e-05
1409, 9.438299334671127e-05
1410, 4.532229750416004e-05
1411, 0.000320688098876045
1412, 8.609142859453273e-05
1413, 9.404459675615577e-05
1414, 4.699913981678957e-06
1415, 0.00012651741724565028
1416, 5.898930870641138e-05
1417, 0.00031186262099615764
1418, 5.6973118329105295e-05
1419, 0.00020251128153959922
1420, 2.7259047807229337e-05
1421, 0.00020167773538284068
1422, 6.701105887817867e-05
1423, 8.78686268837249e-05
1424, 6.631070537185243e-05
1425, 0.00016149953968608551
1426, 0.00013100892372880173
1427, 6.124980161382756e-05
1428, 0.00045496394972406416
1429, 4.882866030126644e-05
1430, 0.0003017675889433611
1431, 2.075728289892096e-05
1432, 0.00034072421955809175
1433, 1.258326625589824e-05
1434, 8.74277717469972e-05
1435, 0.00013137914150400227
1436, 4.540824709766896e-05
1437, 0.0001333013704336439
1438, 0.00010145483455945657
1439, 0.0004203089420347874
1440, 7.207392823361444e-05
1441, 0.0001272302052654701
1442, 0.000359798677390344
1443, 3.781830956384981e-05
1444, 0.0005025252482829581
1445, 0.0001197427473309391
1446, 0.00017832689665411012
1447, 0.00031187592901284135
1448, 6.909172873340657e-05
1449, 8.76288850840523e-05
1450, 2.8781346270758724e-05
1451, 0.000433593072776108
1452, 0.00031187592901284135
1453, 2.2254474532692597e-05
1454, 6.660508876777522e-05
1455, 2.8452865018457282e-05
1456, 9.426480788803222e-05
1457, 2.2254474532692597e-05
1458, 0.00031187592901284135
1459, 7.167680631480518e-05
1460, 0.00031187592901284135
1461, 2.2254474532692597e-05
1462, 0.00010041857516764127
1463, 2.8207977839808165e-05
1464, 5.311326455496001e-05
1465, 4.515855560672298e-05
1466, 0.00036253368977346004
1467, 1.8969032809503365e-05
1468, 9.286390381691123e-05
1469, 0.00016471045741401407
1470, 0.00036204367461068816
1471, 0.00013211916333968213
1472, 6.566439669858192e-06
1473, 0.00011169144733404254
1474, 7.95065220778047e-05
1475, 0.00012141925168594673
1476, 1.3313298709282284e-05
1477, 3.1862369420176e-05
1478, 0.0002634685111028778
1479, 0.00016308600366665612
1480, 0.00016147308799791836
1481, 0.00033150710428313045
1482, 2.1908693175367835e-05
1483, 0.00010265701215432447
1484, 0.0003568848969419295
1485, 4.547531404600649e-05
1486, 1.9980994073901362e-05
1487, 8.184148309125419e-05
1488, 7.827968767146705e-05
1489, 6.073184526888096e-05
1490, 7.825267108827013e-05
1491, 0.00031470278762563576
1492, 1.9980994073901362e-05
1493, 1.9980994073901362e-05
1494, 1.9980994073901362e-05
1495, 7.167110633737269e-05
1496, 5.9648253547870107e-05
1497, 0.0003219576643063213
1498, 1.9980994073901362e-05
1499, 0.00010950776558014462
1500, 2.1563094463246558e-05
1501, 8.767386379951352e-05
1502, 2.4688960850441205e-05
1503, 0.0004195092504261881
1504, 0.00031900228520779914
1505, 1.2273951673409684e-05
1506, 6.0250557154687045e-05
1507, 1.1839455038146611e-05
1508, 3.956294404275624e-05
1509, 9.243145992141781e-05
1510, 2.0259575956860828e-05
1511, 6.532222486492163e-05
1512, 6.0947588531912025e-05
1513, 3.886150441759617e-05
1514, 9.628232572223458e-05
1515, 1.5827967307631448e-05
1516, 6.588239167684969e-05
1517, 8.948588480274236e-05
1518, 0.00018481805138751835
1519, 0.00034135260158204466
1520, 1.0608922362630718e-05
1521, 5.374043280421068e-05
1522, 9.893338109904979e-05
1523, 2.068343660121158e-05
1524, 6.877363842157064e-05
1525, 0.00030414601315555513
1526, 9.933599490760197e-06
1527, 0.00033353034502687053
1528, 3.455073444016167e-05
1529, 0.0003900406908689999
1530, 8.951616488900196e-05
1531, 0.00011364340582285677
1532, 0.00033106302262852756
1533, 5.533775348924444e-06
1534, 4.118439398351822e-05
1535, 0.0003831894108130907
1536, 1.2409619966116472e-05
1537, 0.0003321901726192734
1538, 0.00035699371382918267
1539, 8.508531113199642e-05
1540, 0.00014902489649268728
1541, 0.000314327503376367
1542, 0.0003128849625836579
1543, 0.0003040180040791576
1544, 5.564264560712542e-05
1545, 6.944477886103977e-05
1546, 0.00033091669143890407
1547, 4.99771919476815e-05
1548, 4.1115983238428286e-05
1549, 7.712248137154852e-05
1550, 0.00034575695607348716
1551, 0.0003395954130711884
1552, 0.00035541469866122704
1553, 0.00010255689938306821
1554, 0.00036691094803546206
1555, 7.419684850188886e-05
1556, 4.411664136439404e-05
1557, 4.1115983238428286e-05
1558, 7.295008744235492e-05
1559, 0.00033091669143890407
1560, 0.0001013843236583035
1561, 4.1115983238428286e-05
1562, 4.1115983238428286e-05
1563, 4.1115983238428286e-05
1564, 4.1115983238428286e-05
1565, 4.1115983238428286e-05
1566, 4.1115983238428286e-05
1567, 4.1115983238428286e-05
1568, 0.00033091669143890407
1569, 4.1115983238428286e-05
1570, 4.1115983238428286e-05
1571, 4.1115983238428286e-05
1572, 4.1115983238428286e-05
1573, 5.13029932476171e-05
1574, 0.00033091669143890407
1575, 0.00033091669143890407
1576, 4.1115983238428286e-05
1577, 4.1115983238428286e-05
1578, 7.712248137154852e-05
1579, 0.00033091669143890407
1580, 0.00033091669143890407
1581, 4.1115983238428286e-05
1582, 0.00033091669143890407
1583, 0.00033091669143890407
1584, 4.1115983238428286e-05
1585, 7.712248137154852e-05
1586, 4.1115983238428286e-05
1587, 0.00033091669143890407
1588, 5.967010273575136e-05
1589, 8.248740897939135e-05
1590, 5.967010273575136e-05
1591, 7.131963067812158e-05
1592, 6.998724031185641e-05
1593, 0.0002994000266015744
1594, 3.270523546606258e-05
1595, 8.168670972337308e-06
1596, 8.168670972337308e-06
1597, 4.177855354712003e-05
1598, 4.998217866847711e-05
1599, 1.0702544658197292e-05
1600, 6.319325778369548e-05
1601, 0.00029607487007109624
1602, 4.079173835903712e-05
1603, 2.226649364192215e-05
1604, 8.868071724198977e-06
1605, 6.602846502695206e-05
1606, 6.419249316219732e-06
1607, 4.63766167156647e-05
1608, 3.972494877857169e-05
1609, 0.00033364346003162814
1610, 3.0029968106455922e-05
1611, 2.819449306349737e-05
1612, 0.00030473330569570243
1613, 6.598609555474763e-06
1614, 5.136056446450601e-06
1615, 0.00038879867262240497
1616, 8.949689190644775e-06
1617, 8.921862686340947e-06
1618, 2.0975240011764225e-06
1619, 0.00029813211849561176
1620, 0.00036468578366760255
1621, 1.3775288523547853e-05
1622, 2.1278622231677277e-05
1623, 5.63402936890969e-05
1624, 4.704616814641234e-06
1625, 4.704616814641234e-06
1626, 1.2055561269346984e-05
1627, 1.2138641333604324e-05
1628, 5.968704543258349e-05
1629, 4.667357115636738e-05
1630, 0.0003257818939699308
1631, 4.852380968895243e-05
1632, 3.600659833064435e-05
1633, 3.600659833064435e-05
1634, 3.600659833064435e-05
1635, 0.0003257818939699308
1636, 3.600659833064435e-05
1637, 3.600659833064435e-05
1638, 0.0003257818939699308
1639, 4.9320501920103274e-05
1640, 3.600659833064435e-05
1641, 3.600659833064435e-05
1642, 0.000336743389006964
1643, 0.0003555175795059414
1644, 0.0003441588549790849
1645, 3.600659833064435e-05
1646, 4.056393713107649e-05
1647, 3.600659833064435e-05
1648, 3.600659833064435e-05
1649, 3.600659833064435e-05
1650, 0.0003257818939699308
1651, 3.600659833064435e-05
1652, 0.00031396130239490835
1653, 1.5423553726809558e-06
1654, 3.961727592296027e-06
1655, 1.616629115716242e-05
1656, 1.213141165276204e-05
1657, 1.3194382615021246e-05
1658, 0.0003246247410849272
1659, 1.2520538470009687e-05
1660, 1.2520538470009689e-05
1661, 6.685236896295519e-06
1662, 1.9331825842574977e-05
1663, 1.854330310538617e-05
1664, 4.692659975622402e-05
1665, 1.8543303105386166e-05
1666, 1.8543303105386166e-05
1667, 1.854330310538617e-05
1668, 1.8543303105386166e-05
1669, 1.854330310538617e-05
1670, 1.8543303105386166e-05
1671, 0.0002932555051675522
1672, 1.989260850143534e-05
1673, 0.0002940534569940024
1674, 0.00029788564522826997
1675, 0.00029939656585457495
1676, 1.0441993310543233e-05
1677, 8.530170088479315e-06
1678, 6.219698734432685e-06
1679, 6.219698734432685e-06
1680, 6.2196987344333105e-06
1681, 0.0003047830382170193
1682, 1.2567227339305435e-05
