1, 0.00300554832681
2, 0.00132281344321
3, 0.000832252392079
4, 0.00192775622553
5, 0.000850578449602
6, 0.000549019343658
7, 0.00249466422773
8, 0.00179568253142
9, 0.00189058875163
10, 0.000744540938557
11, 0.00197447363986
12, 0.00212174542059
13, 0.00138236904591
14, 0.00118450933321
15, 0.00209630824392
16, 0.000337092893447
17, 0.000873736312817
18, 0.000137218186375
19, 0.000452144719754
20, 0.000911061700489
21, 0.00108478608667
22, 0.00229304917993
23, 0.00150945988458
24, 0.00138619022271
25, 0.00233613492759
26, 0.00075587207339
27, 0.000642424745078
28, 0.00250544931226
29, 0.00118567675712
30, 0.000424151088829
31, 0.00175278317852
32, 0.000806047140602
33, 0.000965957027158
34, 0.000403707223667
35, 0.000443722914036
36, 0.00053030957094
37, 0.000142155056259
38, 0.00119775651395
39, 0.000888572678512
40, 0.000657779727795
41, 0.000757725524424
42, 0.00136534274788
43, 0.000503380933049
44, 0.000934232643983
45, 0.000704385044309
46, 0.000363667212981
47, 0.00131828970603
48, 0.00106011116799
49, 0.00089618233438
50, 0.00334597438252
51, 0.00091059580472
52, 0.000921200526727
53, 0.00125783811262
54, 0.00112287076402
55, 0.00132932342864
56, 0.00275638963672
57, 0.000726579014618
58, 0.00196802058693
59, 0.0010699294661
60, 0.000616897879399
61, 0.000628721053031
62, 0.00124714634708
63, 0.00115574199796
64, 0.00249721019379
65, 0.00116034371284
66, 0.0014776794917
67, 0.0010682461175
68, 0.00134325772446
69, 0.00248876187808
70, 0.00208078485782
71, 0.00188868267825
72, 0.00132982250116
73, 0.00128436677431
74, 8.51404205657e-05
75, 8.49958271206e-05
76, 0.000654170758946
77, 0.00145525454396
78, 0.000428090026108
79, 0.0028511551318
80, 0.00109558732053
81, 0.0011816015675
82, 0.00250974526312
83, 0.00143970991811
84, 0.000512788467045
85, 0.000658575956431
86, 0.00157581494658
87, 0.00131436250808
88, 0.00186222422907
89, 0.00219982295377
90, 0.00100287128848
91, 0.00135421450437
92, 0.00105506091203
93, 0.000922735742507
94, 0.00159288816142
95, 0.00189765457681
96, 0.00232277582402
97, 0.00211789988995
98, 0.00301891799354
99, 0.00160094714308
100, 0.00294390450702
101, 0.000765626960832
102, 0.000858279926252
103, 0.000164593180825
104, 8.11096911573e-05
105, 0.000651283492693
106, 0.00058553552148
107, 0.00035076771853
108, 0.000557476001622
109, 0.0010209478901
110, 0.000662304557449
111, 0.00213852867034
112, 0.000512423420821
113, 0.00010460263248
114, 0.000483386110173
115, 0.000129263723412
116, 0.000910870285211
117, 0.00271686924171
118, 0.00195762488467
119, 5.15858955547e-05
120, 0.000584228782474
121, 0.00304152691848
122, 0.00125751473563
123, 0.00127982671752
124, 0.00159248786962
125, 0.00168782439672
126, 0.000944818483598
127, 0.00248731852625
128, 0.000998744465481
129, 0.000958692171434
130, 0.000523712078689
131, 0.00119985553062
132, 0.00201822263768
133, 0.00170631842097
134, 0.0015679669524
135, 0.00207012737749
136, 0.000895755379308
137, 0.00148601084345
138, 0.00018465031042
139, 0.000605010228137
140, 0.000932876055711
141, 0.000807779395305
142, 0.000613457353999
143, 0.00222374158708
144, 0.00227778882337
145, 0.000636694575489
146, 0.000414449896276
147, 0.00167058597541
148, 0.000988483859785
149, 0.000584449794413
150, 0.0011161005835
151, 0.00248496495522
152, 0.000799120757154
153, 0.00198998882529
154, 0.00148616036126
155, 0.000992470321061
156, 0.001269308971
157, 0.00118523409322
158, 0.000619572284893
159, 0.000972318001403
160, 0.000747288470585
161, 0.00195683658931
162, 0.00125466466377
163, 0.00115548256059
164, 0.00164605649553
165, 0.00051493270388
166, 0.000511172442509
167, 0.000711290726396
168, 0.00241489449564
169, 0.000923874537624
170, 0.00104011747304
171, 0.000958685695233
172, 0.00269081157119
173, 0.00238855421788
174, 0.00294516029134
175, 0.00170353756267
176, 0.00222952711736
177, 0.00148186438979
178, 0.0010746068198
179, 0.00216486155971
180, 0.0017783625138
181, 0.00308081726454
182, 0.00187658675714
183, 0.00221882910424
184, 0.00141594513399
185, 0.00189574916581
186, 0.00210179623309
187, 0.00166034570696
188, 0.0015643737476
189, 0.000555493415659
190, 0.00140131030625
191, 0.00216409371021
192, 0.00101060488319
193, 0.00142655804218
194, 0.00180220527291
195, 0.00238463710584
196, 0.00209486254628
197, 0.00212159146943
198, 0.00148620600923
199, 0.0013582323001
200, 0.00175025568691
201, 0.000814092131942
202, 0.00257046636766
203, 0.00165292176456
204, 0.00268646278241
205, 0.00111073833702
206, 0.000554971341096
207, 0.000974816642259
208, 0.00172714210995
209, 0.00167641085799
210, 0.0028333006779
211, 0.00172935632195
212, 0.00088428443629
213, 0.00107274287468
214, 0.00100799485677
215, 0.00183701982709
216, 0.00261008960291
217, 0.00150645884957
218, 0.00160681592466
219, 0.00112654626068
220, 0.000518087749981
221, 0.000616023003921
222, 0.00231464258358
223, 0.00121871792504
224, 0.000729796688902
225, 0.000856800835142
226, 0.00161008777478
227, 0.00145212425103
228, 0.00202944764331
229, 0.00154253631353
230, 0.00172275346617
231, 0.00138996930128
232, 0.00106327874788
233, 0.00121835738418
234, 0.00224844024112
235, 0.00170997867994
236, 0.000446235317628
237, 0.00230140247317
238, 0.00211442600879
239, 0.00178088762636
240, 0.00153588791652
241, 0.00158253593994
242, 0.000654224387083
243, 0.000747129743455
244, 0.000356418261801
245, 0.00125147845756
246, 0.000865813762121
247, 0.000374929297333
248, 0.00125469517778
249, 0.00131240103786
250, 0.00174146982604
251, 0.000387853810162
252, 0.00114543923752
253, 0.000195281224195
254, 0.000851235241744
255, 0.0013288306731
256, 0.000194414135891
257, 0.00183974117056
258, 0.0025376460921
259, 0.0012570196552
260, 0.00117271896723
261, 0.000592135604081
262, 0.000499350201828
263, 0.000163820279025
264, 0.00100574337089
265, 0.00189815599945
266, 0.000570277608319
267, 8.19863070547e-05
268, 0.00177585406543
269, 0.00154420567019
270, 0.000860985290015
271, 0.0012275804791
272, 0.00112445478124
273, 0.00191063050797
274, 0.00167354073414
275, 0.00157298571568
276, 0.00207535648335
277, 0.000575378628105
278, 0.000443986960387
279, 0.000596223176827
280, 0.000663624860073
281, 0.00149410227793
282, 0.00156883140107
283, 0.00149902278313
284, 0.00146324123274
285, 0.00104332791687
286, 0.00220366846454
287, 0.000636852414853
288, 0.00241340296711
289, 0.00132963725147
290, 0.00087515549193
291, 0.00102734808764
292, 0.000951420918126
293, 0.00132912012158
294, 0.00272369139876
295, 0.000550576592286
296, 6.65763193922e-05
297, 0.000392284281659
298, 0.00128813456408
299, 0.000479437084633
300, 0.00193505929653
301, 0.00124173761025
302, 0.00159896317171
303, 0.000754774784783
304, 0.00109108944633
305, 0.000545140498698
306, 0.000492816774376
307, 0.00101507937587
308, 0.000230766978984
309, 0.000457948222852
310, 0.00111073804278
311, 0.000438519630108
312, 0.00083120418385
313, 0.00179726188214
314, 5.7759265601e-05
315, 0.000932397272721
316, 0.00110091664995
317, 0.00100176507357
318, 0.00215983697355
319, 0.00094168688484
320, 0.000531426811995
321, 0.00121698165136
322, 0.00117145532516
323, 0.00119189543013
324, 0.000734409739387
325, 0.00107025019264
326, 0.000900362303181
327, 0.000860828136607
328, 0.00154439982154
329, 0.000306640049385
330, 0.000661199774419
331, 0.000610334643542
332, 0.001083537578
333, 0.00130615729661
334, 0.000403269492739
335, 0.000141880965976
336, 0.000597819637831
337, 0.00016309249679
338, 0.000590542875273
339, 0.000299455624526
340, 0.00127621832625
341, 0.000116719923455
342, 0.00035155189838
343, 0.00073178043056
344, 0.000311594663876
345, 0.000437504719615
346, 0.000790404879039
347, 0.00119294765085
348, 0.000196112282417
349, 0.000233021156153
350, 0.00029239306949
351, 0.000205459698586
352, 0.000486912994085
353, 0.000131324658221
354, 0.000827435273971
355, 0.000624873425267
356, 0.00100736541982
357, 0.00227458792601
358, 0.000845280444616
359, 0.000426698001466
360, 8.78554951126e-05
361, 8.9084335936e-05
362, 0.000186181973411
363, 0.000508187161781
364, 0.000432327512757
365, 0.000529291629623
366, 0.000597292138953
367, 0.00166635981884
368, 0.000634583651211
369, 0.000777621220918
370, 0.00032353547388
371, 0.000706133993218
372, 0.000691633616409
373, 0.000451565611216
374, 0.000459797399349
375, 0.00062268370363
376, 0.000265675469498
377, 0.000191045262811
378, 0.00128787344949
379, 0.00050103353975
380, 0.00115254358112
381, 0.000906737022488
382, 0.00104761328042
383, 0.00033253773778
384, 0.000758557069491
385, 0.0019225938967
386, 0.000937174955497
387, 0.00106553212137
388, 0.000365843393112
389, 0.000307015516777
390, 0.000421458450399
391, 0.000982795678604
392, 0.00102359520709
393, 0.0018104738289
394, 0.000159522584653
395, 0.000587734557655
396, 0.000698392924272
397, 0.000169723301783
398, 0.000639763567369
399, 0.000931178849131
400, 0.000536724588011
401, 0.000855203419196
402, 0.00157396143848
403, 0.0021763434021
404, 0.00103879439881
405, 0.0023597587063
406, 0.000405195779015
407, 0.000391187912351
408, 0.000770698362288
409, 0.00059592946446
410, 0.00126823751018
411, 0.00162740492831
412, 0.00113870427587
413, 0.000508071668162
414, 0.000653980304229
415, 0.000344254477411
416, 0.000641123747208
417, 0.00115083049405
418, 0.00150919333428
419, 0.00187045343354
420, 0.000845738223556
421, 0.0010259133323
422, 0.000566276578953
423, 0.00270855247898
424, 0.000493177647244
425, 0.00123039279917
426, 0.000664510452258
427, 0.00163987025352
428, 0.00115901782486
429, 0.000861671738623
430, 0.00119450457512
431, 0.0014068213351
432, 0.00152036152539
433, 0.00160812275803
434, 0.000643324791187
435, 0.00164921787535
436, 0.00100399278827
437, 0.000399653255639
438, 0.000107418992383
439, 9.04551623887e-05
440, 0.000501287174178
441, 0.000521084684521
442, 8.19994688834e-05
443, 0.00149269174316
444, 0.000798802521124
445, 0.000581144761594
446, 0.000138294245796
447, 0.00116824007484
448, 0.000916958022234
449, 0.00107139173531
450, 0.000912937391839
451, 0.00189650484413
452, 0.000996312197038
453, 0.000220179018607
454, 0.000190245185878
455, 0.00118422484796
456, 0.000397860410832
457, 0.000543868411811
458, 0.000667592629027
459, 0.000536063247425
460, 0.000261828043042
461, 0.000799512120703
462, 0.0015682238343
463, 0.000995650463161
464, 0.000683015746494
465, 0.000822117591943
466, 0.00054889612499
467, 0.000854234969568
468, 0.000702545298912
469, 0.00103951498317
470, 0.00143359176072
471, 0.00154165494229
472, 0.00162477506051
473, 0.00136086109646
474, 0.00185085648796
475, 0.00160255121764
476, 0.00116495920084
477, 0.000769306833929
478, 0.000828492623553
479, 0.00143071812583
480, 0.00175597491706
481, 0.000599675144244
482, 0.00140341482251
483, 0.00211028472014
484, 0.00108917031645
485, 0.00107455925586
486, 0.000837086679793
487, 0.000537832151264
488, 0.000643145353332
489, 0.000816344841814
490, 0.000779984172424
491, 0.000989775761109
492, 0.000570341938282
493, 0.000551696492618
494, 0.000527236936438
495, 0.000515030685884
496, 0.00175389697702
497, 0.00063193751117
498, 0.00125997922149
499, 0.000571320243957
500, 0.000358552661718
501, 0.00118608826651
502, 0.000608429589397
503, 0.00043779850029
504, 0.00106335747657
505, 0.000689120781283
506, 0.00124874835301
507, 0.00116187258799
508, 0.00140516392577
509, 0.00107052197667
510, 0.00102013399022
511, 0.0016935308455
512, 0.000547128604819
513, 0.000622717413122
514, 0.00136444350892
515, 0.0013591116227
516, 0.00094062850066
517, 0.000838815849446
518, 0.00120318283868
519, 0.000719833906138
520, 0.0013889754373
521, 0.00107883378073
522, 0.000353179340909
523, 0.00155769864161
524, 0.000397835872429
525, 0.000707158539131
526, 0.00112340045723
527, 0.00193711650156
528, 0.0013193090813
529, 0.00114071610166
530, 0.00106676595485
531, 0.00108361322307
532, 0.000508793002454
533, 0.000175745116858
534, 0.000160643658716
535, 0.000725680946981
536, 0.000156105036874
537, 0.000393383291741
538, 0.000352866440808
539, 0.000605312633539
540, 0.000520634316047
541, 0.000884173678933
542, 0.000865019475907
543, 0.000246883604529
544, 0.000611574979839
545, 0.000481535035619
546, 0.00187650156457
547, 0.000380820246816
548, 0.000155187979028
549, 0.00102353172135
550, 0.00152294840924
551, 0.000295125249208
552, 0.000565104151789
553, 0.00097370865007
554, 0.00133541031242
555, 0.000467342932432
556, 0.000502708701044
557, 0.000229441771067
558, 0.000784800654435
559, 0.00140159411061
560, 0.00024201375955
561, 0.000954666363146
562, 0.000848436786093
563, 0.000333394838577
564, 0.000317976159283
565, 0.000261114111933
566, 0.00198558214659
567, 0.000359627494088
568, 0.0023148188556
569, 0.000764673425787
570, 0.000569617148406
571, 0.00040912606761
572, 0.000396590120492
573, 0.000664629805586
574, 0.000221018318312
575, 0.000494723869193
576, 0.0013114970125
577, 0.000486587300228
578, 0.00102329053974
579, 0.000233596831797
580, 0.000311546803067
581, 0.00064884316954
582, 0.00172377951737
583, 0.00045494974985
584, 0.0010667316838
585, 0.000451184843017
586, 0.000425019755201
587, 0.000182373433059
588, 0.00169509257865
589, 0.000748637774306
590, 0.000188628211278
591, 0.00134514307881
592, 0.000143548446342
593, 0.000156886716606
594, 0.000398822459365
595, 0.000796368557628
596, 0.00122279567234
597, 0.0015247424319
598, 6.45550955176e-05
599, 0.000326687033061
600, 2.72063420424e-05
601, 0.000558783224322
602, 0.000826988318999
603, 0.0016045241851
604, 0.000968672573796
605, 0.000625732055195
606, 0.00095093306463
607, 0.000936602328737
608, 0.000334588237793
609, 0.000568960657287
610, 0.000459592281208
611, 0.000381222757379
612, 0.000664773626792
613, 0.000295858964226
614, 0.000534763452761
615, 0.000834546081419
616, 0.000672114096264
617, 0.000176625165191
618, 0.000206291726885
619, 0.000630498487048
620, 0.000424638242015
621, 0.000462081724787
622, 0.000441879045514
623, 0.000424425131629
624, 0.000608103197664
625, 0.000814947672167
626, 8.46884400856e-05
627, 0.000770978357876
628, 0.00158312263887
629, 0.000754164670608
630, 0.000361908992155
631, 0.00114014226979
632, 0.000559985922309
633, 0.000926843569758
634, 0.000245533883313
635, 0.000256628169852
636, 0.00128703239389
637, 0.000400748840909
638, 0.00046063476301
639, 0.000442248766776
640, 0.000798450014732
641, 0.000312588595329
642, 0.000958639754998
643, 6.1435209331e-05
644, 0.000719426437706
645, 0.000303829636937
646, 0.000394338100864
647, 0.000720911475508
648, 0.000884528030268
649, 0.000590314282563
650, 0.000710520931234
651, 0.00147775189304
652, 0.0011632862303
653, 0.000684969856961
654, 0.00126180154247
655, 0.00193986399492
656, 0.000430332145594
657, 0.00112424864561
658, 0.00118724406747
659, 0.000994702644072
660, 0.00137688931624
661, 0.00107457767353
662, 0.00108813782622
663, 0.00106221953386
664, 0.000772934034786
665, 0.000992129749531
666, 0.000394751124283
667, 0.000466034494221
668, 0.000115355032935
669, 0.000484515728351
670, 0.000424737107325
671, 0.000508342881127
672, 0.0006567883442
673, 0.00117880911886
674, 0.000542748554308
675, 0.000568257771472
676, 0.000604100996081
677, 1.74235929236e-05
678, 0.0012392351541
679, 0.00138781703501
680, 0.000262695087972
681, 0.000526498437722
682, 0.00053655442932
683, 0.000633253125666
684, 0.00153261858608
685, 0.00124486356232
686, 0.000931100704151
687, 0.000487524544872
688, 0.000268566640882
689, 0.000539173719427
690, 0.000741154515777
691, 0.000445217022105
692, 0.00180126119518
693, 0.00131432869056
694, 0.000397362407415
695, 0.000171436609756
696, 0.000650172576529
697, 0.000770229854783
698, 0.000171264487523
699, 0.000929683442671
700, 0.000255130736753
701, 6.82319675961e-05
702, 0.000626439378351
703, 0.000217136751776
704, 0.000251772675845
705, 0.00110296320509
706, 6.66998549351e-05
707, 0.000649210275012
708, 0.00100884327018
709, 0.00132297087184
710, 0.000792726400894
711, 7.10039896642e-06
712, 0.000886594922959
713, 0.000604380243959
714, 0.000161405755317
715, 0.00100360936261
716, 0.000623043572592
717, 0.000651471156501
718, 0.000170166479075
719, 0.00038232534806
720, 0.00113693258085
721, 0.000918509024672
722, 0.000663859471921
723, 0.000438552643544
724, 0.000740711679637
725, 0.00025742915237
726, 0.000508933366009
727, 0.000697118834636
728, 0.000878771874426
729, 0.00120847221746
730, 0.000575087168615
731, 0.000486445132047
732, 0.00197970450724
733, 0.000226092024465
734, 0.000357694884548
735, 0.00133883232754
736, 0.000739719669794
737, 0.000639347762482
738, 0.000332470305217
739, 0.00187815168124
740, 0.000755533054493
741, 0.000510803791014
742, 0.0017843348707
743, 0.00035355045028
744, 0.000651986467008
745, 0.000508147545891
746, 0.00153663534582
747, 0.00135679347494
748, 0.00159528718013
749, 0.000378454528721
750, 0.000689783831342
751, 0.00105830659923
752, 0.000614390283248
753, 0.000266985266497
754, 0.000301081168432
755, 0.00127989913438
756, 0.000946680729953
757, 8.73720344961e-05
758, 0.000222274957021
759, 0.00017950250777
760, 0.000393453774529
761, 0.000551869418088
762, 0.000953747850304
763, 0.00141709492042
764, 0.000304339212127
765, 0.000457935438298
766, 0.000145247277323
767, 0.000159847969584
768, 0.000600765225433
769, 0.000462864315931
770, 0.000962413529397
771, 0.000476062846456
772, 0.000513744790908
773, 0.000229634985656
774, 0.000395080838627
775, 0.000368231894992
776, 0.000138726287812
777, 8.87351527957e-05
778, 0.000784564778368
779, 0.000708940832024
780, 0.000751974176043
781, 0.000859812026568
782, 0.000212608187926
783, 0.000808815155753
784, 0.000379588754529
785, 0.000470964194934
786, 0.000239118038409
787, 0.00049997149507
788, 7.12690356775e-05
789, 0.000578927185128
790, 0.000711177264014
791, 0.000156911079799
792, 0.000935334734861
793, 0.000180333595717
794, 0.000547415810279
795, 0.000272446798158
796, 0.000451756759391
797, 0.000344604380934
798, 0.000459203571822
799, 6.64949619963e-05
800, 0.000335039887672
801, 0.000548056529493
802, 0.0004908005973
803, 0.000164592009848
804, 0.000128546890108
805, 0.000672451772439
806, 0.000574605175563
807, 0.000181637343199
808, 0.000389189349452
809, 0.000791788474798
810, 0.000521462569168
811, 0.000189328516199
812, 0.000245706986383
813, 0.000734516347408
814, 2.91517151685e-05
815, 0.0011233114521
816, 0.000245565125604
817, 5.05108521755e-05
818, 0.000585865944345
819, 0.000345697101101
820, 0.000820999180905
821, 0.000260057367542
822, 6.41148108804e-05
823, 0.000769098062838
824, 0.000541248271354
825, 0.000753415025996
826, 0.00101569968899
827, 0.000465849602103
828, 0.000135305353389
829, 0.000582035537848
830, 2.91517151685e-05
831, 0.000827638858726
832, 0.000240308965402
833, 0.000472238331621
834, 0.000260187743821
835, 0.000141933531179
836, 0.000281141394868
837, 0.000604499276555
838, 4.63189688612e-05
839, 0.000364710056338
840, 0.000473266060077
841, 0.000401233828228
842, 0.000353487463883
843, 0.000705030594551
844, 0.000405464294022
845, 0.00134600224283
846, 0.000677039955521
847, 0.00048792879705
848, 0.000125608324853
849, 0.000564710568277
850, 0.000377339978839
851, 8.54725184686e-05
852, 0.000338654775106
853, 0.000201447261198
854, 0.000521144954307
855, 0.000895088587666
856, 0.000384785306255
857, 2.91517151685e-05
858, 0.00038791787488
859, 0.00016285902491
860, 0.000501719875516
861, 8.08721663245e-05
862, 0.000188876775921
863, 0.000566256323684
864, 0.000617946060645
865, 0.000253352173071
866, 0.0011538081495
867, 0.000431715600562
868, 4.49060629436e-05
869, 0.00029171095898
870, 0.000120346239298
871, 0.00053722945681
872, 0.000619888335652
873, 0.000485115724959
874, 0.000294491135466
875, 0.00040110195071
876, 0.000336908019118
877, 0.000667166465949
878, 0.000275733579185
879, 0.000732616802611
880, 0.000372811941598
881, 0.000316571797032
882, 0.000240896322458
883, 0.000430494792156
884, 0.00039721334175
885, 0.000153046960401
886, 0.000343121210822
887, 0.000415188597586
888, 0.000444198537835
889, 0.000137510431153
890, 0.000712890401472
891, 3.85706009975e-05
892, 0.000314847198688
893, 9.03264598101e-05
894, 0.000440609330961
895, 0.000682534982681
896, 0.000300762306228
897, 3.71335980933e-05
898, 0.000328452498244
899, 9.4590687814e-05
900, 0.000303253211665
901, 0.000112599523345
902, 0.000637869793765
903, 0.000157330138275
904, 0.000538661402507
905, 0.000226597680661
906, 0.000154876580575
907, 3.43357025724e-05
908, 0.000137248442283
909, 0.000121941735189
910, 0.000382274992854
911, 7.96955953024e-05
912, 0.000424675067286
913, 6.4493306698e-05
914, 0.00043187945247
915, 0.000484220703677
916, 0.000212718782551
917, 0.000402576915775
918, 0.000129877724831
919, 0.00076676504046
920, 8.56386936735e-05
921, 0.000787244240092
922, 0.000652552496518
923, 0.00049040777232
924, 0.000639322101756
925, 0.000309336033485
926, 0.000757157272823
927, 0.00010038713152
928, 0.00121023172995
929, 0.000380991612011
930, 0.000682579512096
931, 0.000849901787189
932, 0.000356760096325
933, 0.00018422009424
934, 0.000501544318646
935, 8.9940722066e-05
936, 0.000278899898739
937, 0.000226388977803
938, 0.00015242099125
939, 0.000660755575913
940, 0.000708640749895
941, 0.000501168063293
942, 0.00058751553915
943, 0.000449240120911
944, 0.000495684858179
945, 0.000396769656574
946, 0.000914929185536
947, 0.000155324346516
948, 0.000329450961331
949, 0.00065998978267
950, 0.000636474098217
951, 0.000445576738928
952, 0.000387661917512
953, 0.000295452193134
954, 0.000153222370083
955, 0.000536492023566
956, 0.000511622492391
957, 5.19366784716e-05
958, 0.000479816418338
959, 0.0007220559986
960, 0.000293629201965
961, 0.000347641425839
962, 0.000227033755677
963, 0.000667306955371
964, 0.000140822042032
965, 0.000244629145116
966, 0.000321405442837
967, 0.000141612253924
968, 0.000483367223204
969, 0.000632246025501
970, 0.000426392948448
971, 0.000352846996286
972, 0.000678733494269
973, 3.80442373227e-05
974, 0.000322353825446
975, 0.000407339594639
976, 0.000125204512693
977, 0.000775661791257
978, 0.000561243757495
979, 0.000350361081375
980, 0.00028489548842
981, 9.18907809929e-05
982, 0.000511364153369
983, 0.000149515182342
984, 0.000648904558178
985, 0.000192193650116
986, 0.000207545132038
987, 4.25761120893e-05
988, 0.000435967126468
989, 0.000216262192347
990, 0.000224614885369
991, 0.000506735049916
992, 6.69801213348e-05
993, 0.000493394576927
994, 9.64044352205e-05
995, 0.000534779066671
996, 0.000162554992463
997, 0.000229518016814
998, 0.000184774227867
999, 0.000445174502797
1000, 0.000138180669175
1001, 0.000184888233649
1002, 0.000102226665116
1003, 8.93049272807e-05
1004, 0.000127301584393
1005, 0.000546046379265
1006, 0.000580358086324
1007, 0.000385230638555
1008, 0.000333197771862
1009, 0.000488133016131
1010, 0.000452004637635
1011, 0.000827281959034
1012, 0.000736452478876
1013, 0.000633192574142
1014, 0.00080140884796
1015, 0.000444306923432
1016, 0.00104918179111
1017, 0.000733850472151
1018, 0.000346804409914
1019, 0.000297945356854
1020, 0.000338824431663
1021, 0.000678151268891
1022, 0.000212081486175
1023, 0.000285196747088
1024, 0.000410149217346
1025, 0.000589007305227
1026, 0.000352675524552
1027, 6.40207888266e-05
1028, 0.00140957278835
1029, 0.000510461641874
1030, 0.000230142823628
1031, 9.88509472649e-05
1032, 0.000199366251359
1033, 0.000296677932939
1034, 0.000264321000442
1035, 0.000687693725091
1036, 0.000575492113399
1037, 0.000292788119623
1038, 0.000430178187135
1039, 0.00077888923322
1040, 0.000532098552692
1041, 0.000642016316188
1042, 0.000367269297338
1043, 9.92859771085e-05
1044, 0.000827911269242
1045, 0.000336169339893
1046, 0.000542341163643
1047, 0.00104980232831
1048, 0.000667407500605
1049, 0.000241111228016
1050, 0.000410192905889
1051, 0.000636813130975
1052, 0.000261286871705
1053, 0.00032092682999
1054, 0.000527340766468
1055, 0.00013846637394
1056, 0.000116034094561
1057, 0.000530290901387
1058, 0.000522872354952
1059, 0.000594900539536
1060, 0.000299726436354
1061, 0.000541164875308
1062, 0.000110426463282
1063, 0.00069503532431
1064, 3.7230068549e-05
1065, 0.000489323157334
1066, 0.000196688597444
1067, 0.000346227641525
1068, 0.000140484514872
1069, 0.000567200703037
1070, 0.000333882076279
1071, 0.000499162316743
1072, 0.000420376070892
1073, 0.000613104610736
1074, 0.00114842650772
1075, 0.000395738691564
1076, 0.000176744075486
1077, 9.50554746124e-05
1078, 0.000568879556667
1079, 0.000432782185119
1080, 0.000330979602563
1081, 0.000400897533853
1082, 0.000115262277579
1083, 5.67450275451e-05
1084, 0.000488013475099
1085, 0.000151030358326
1086, 0.000229809572792
1087, 0.000124385860757
1088, 0.000150678050036
1089, 0.000347875043456
1090, 0.00041279627324
1091, 0.000788939779149
1092, 0.000162910760923
1093, 0.000233142556842
1094, 0.00041212401668
1095, 0.000295561987928
1096, 3.54387100434e-05
1097, 0.000204934622384
1098, 0.000434558016987
1099, 0.000150763613788
1100, 0.000141799283958
1101, 0.00104921748664
1102, 7.96494189583e-05
1103, 0.000566146907943
1104, 5.81453113832e-05
1105, 0.000118601323897
1106, 5.55004379428e-05
1107, 0.000272725436899
1108, 0.000126055127895
1109, 0.0003296853733
1110, 0.000450423783833
1111, 0.000139623387424
1112, 0.000237665544748
1113, 0.000311194860068
1114, 9.81918846046e-05
1115, 0.000553809089195
1116, 0.000123636052448
1117, 0.000150987479694
1118, 0.000551370643522
1119, 0.000584834451701
1120, 0.000195659788131
1121, 0.000210616523642
1122, 8.39095558218e-06
1123, 0.000353616944544
1124, 0.000112266523098
1125, 3.20541000715e-05
1126, 0.00059694698218
1127, 0.000358952408844
1128, 0.000466908424194
1129, 0.000267698032145
1130, 9.12910734785e-06
1131, 0.000480111755692
1132, 0.000275309567592
1133, 0.000329344693973
1134, 0.000362568970487
1135, 0.000534057227125
1136, 0.000639433756087
1137, 0.000245144462831
1138, 4.96644133494e-05
1139, 0.000427081994084
1140, 0.000534114881186
1141, 0.000111993635835
1142, 0.000363260856759
1143, 0.000165904162103
1144, 0.000369099066456
1145, 0.000107118552751
1146, 5.96220033731e-05
1147, 0.000303935089419
1148, 0.000107566719899
1149, 0.000218767017017
1150, 9.59794780646e-05
1151, 0.000108640998329
1152, 0.000200444981919
1153, 0.000552684990716
1154, 0.000112266991782
1155, 0.000351986380586
1156, 3.56939885273e-06
1157, 0.000248951222592
1158, 5.48579223718e-05
1159, 0.000114528875203
1160, 0.000566137791308
1161, 0.000141790465627
1162, 0.000384748729353
1163, 0.000237818041101
1164, 0.000376321538013
1165, 0.000450072251936
1166, 0.000200286233329
1167, 0.00014696303803
1168, 0.000282453196301
1169, 0.000471436470654
1170, 0.000651204463306
1171, 0.000140952687346
1172, 0.000463996441852
1173, 0.000122622442774
1174, 0.000440243606159
1175, 4.94534481297e-05
1176, 0.000160998700345
1177, 9.57207701735e-05
1178, 0.000269198849308
1179, 0.000145399279316
1180, 0.000461357445591
1181, 0.000132153849106
1182, 0.000199515689171
1183, 0.000179209041354
1184, 0.000473217213001
1185, 0.00051664475585
1186, 6.67654711308e-05
1187, 0.000143761982459
1188, 0.000470259299426
1189, 4.1672387515e-05
1190, 0.000387154650185
1191, 0.000334474539473
1192, 0.000180089361482
1193, 0.000132136059721
1194, 0.000353546446328
1195, 0.000471664741944
1196, 5.33684130253e-05
1197, 0.00069387652844
1198, 0.000445252704192
1199, 0.000225953678851
1200, 0.00041493149483
1201, 1.2844654764e-05
1202, 0.000415133535684
1203, 0.000212018931178
1204, 0.000479101212623
1205, 8.56968127305e-05
1206, 0.000264162918003
1207, 0.000223879509432
1208, 0.000299156642991
1209, 0.000547592672164
1210, 0.000463362181157
1211, 0.000164446509221
1212, 6.83762595631e-05
1213, 9.30096306413e-05
1214, 0.000117163484372
1215, 0.000325905926381
1216, 7.35341251692e-05
1217, 0.000471864338693
1218, 0.000599981086369
1219, 0.000533857984071
1220, 0.000440156397801
1221, 0.000476014907869
1222, 0.000308919944154
1223, 6.79692869776e-05
1224, 0.00052191826789
1225, 0.00019101343759
1226, 0.000659510198705
1227, 0.00011027029304
1228, 0.0005407029304
1229, 0.000482461357154
1230, 0.000231987771335
1231, 0.000266882956999
1232, 0.000245048123568
1233, 0.000358188239218
1234, 2.90623411874e-05
1235, 2.91775227006e-06
1236, 2.91775227006e-06
1237, 3.66065825453e-05
1238, 5.72151114009e-05
1239, 0.00025710617129
1240, 0.000563008594266
1241, 5.74684506055e-05
1242, 7.19902202178e-05
1243, 4.39841604065e-05
1244, 0.00035939843191
1245, 0.000533088414766
1246, 0.000101690942879
1247, 0.000412913124992
1248, 0.000280021166434
1249, 0.000486208373753
1250, 0.000102118845442
1251, 0.000368057728835
1252, 0.000135587589945
1253, 0.00011016089451
1254, 8.1788244853e-05
1255, 0.00043519271874
1256, 6.36370822632e-05
1257, 7.45076205643e-05
1258, 0.000219816219221
1259, 4.25495076993e-05
1260, 0.000375469201302
1261, 7.89267534316e-05
1262, 0.000110593789815
1263, 0.000153927486396
1264, 7.66643114213e-05
1265, 0.000204619287992
1266, 0.00015092966565
1267, 0.000472003111578
1268, 0.000457291403686
1269, 0.000113002596915
1270, 8.21114999985e-05
1271, 0.000425886472535
1272, 0.00036839358541
1273, 0.000182627042141
1274, 0.000159576434722
1275, 7.45328012077e-05
1276, 0.000111120448949
1277, 0.000480632694108
1278, 0.000129620014281
1279, 9.52320338248e-05
1280, 0.000424265236847
1281, 0.000446597133963
1282, 0.00010889929113
1283, 0.000461347660415
1284, 0.000571997844585
1285, 0.000167687135634
1286, 0.000213978595995
1287, 0.000383037441332
1288, 0.000138022228209
1289, 8.17350109288e-05
1290, 5.43835295275e-05
1291, 0.000495215495732
1292, 0.000359422052452
1293, 1.37263624766e-05
1294, 3.00694601861e-05
1295, 7.08073705731e-05
1296, 0.000168866973701
1297, 0.00017545927691
1298, 8.98181826882e-05
1299, 6.29157818338e-05
1300, 0.000405929834458
1301, 5.59593634772e-05
1302, 6.71737004181e-05
1303, 0.000213184900726
1304, 2.18174613212e-05
1305, 0.00011684816009
1306, 0.000357668391918
1307, 4.84049517799e-05
1308, 0.000357668391918
1309, 7.46267610915e-06
1310, 0.000313553891291
1311, 0.000239883012293
1312, 8.91588871316e-05
1313, 0.00039007954114
1314, 0.000129345980425
1315, 0.000495270494469
1316, 7.03248607065e-05
1317, 8.11168625847e-05
1318, 7.3463251737e-05
1319, 8.43050780704e-05
1320, 0.000338724163552
1321, 0.000359803678635
1322, 0.000407930548761
1323, 3.97493771328e-05
1324, 6.40606745945e-05
1325, 0.000338724163552
1326, 0.000362727514653
1327, 0.000348444967289
1328, 0.000369711110005
1329, 2.94126027114e-05
1330, 6.05959206657e-05
1331, 4.600884537e-05
1332, 3.58205179934e-05
1333, 6.37102574854e-05
1334, 7.03193755532e-05
1335, 0.000125895437689
1336, 0.000131643874336
1337, 0.000146539278139
1338, 8.20712444545e-05
1339, 2.94126027114e-05
1340, 2.94126027114e-05
1341, 2.94126027114e-05
1342, 3.03624727755e-05
1343, 0.000338724163552
1344, 8.01536331529e-05
1345, 3.4585813244e-05
1346, 0.000395868202746
1347, 3.73365362612e-05
1348, 2.94126027114e-05
1349, 0.000338724163552
1350, 3.90371412094e-05
1351, 8.05081097861e-05
1352, 2.94126027114e-05
1353, 9.40968057862e-05
1354, 3.12346450652e-05
1355, 0.00036311365957
1356, 0.000389594080532
1357, 3.26059795004e-05
1358, 3.2191034488e-05
1359, 0.000379787077
1360, 0.000347907620846
1361, 6.37070630789e-05
1362, 3.28795363786e-05
1363, 2.94126027114e-05
1364, 2.94126027114e-05
1365, 0.000340828601295
1366, 2.94126027114e-05
1367, 5.20117791672e-05
1368, 8.34973851694e-05
1369, 7.12917129195e-05
1370, 7.10062943322e-05
1371, 3.50692089656e-05
1372, 4.0381058238e-05
1373, 2.94126027114e-05
1374, 0.000343400426733
1375, 0.0001207090418
1376, 0.000103278523797
1377, 5.8883611222e-05
1378, 0.000102509904489
1379, 0.000129820246465
1380, 9.55189160999e-05
1381, 6.97822281212e-05
1382, 0.000403524029241
1383, 7.72555399043e-05
1384, 9.22475840236e-05
1385, 6.95095176401e-05
1386, 7.04152158911e-05
1387, 9.22475840236e-05
1388, 9.5082338159e-05
1389, 5.61728235264e-05
1390, 5.13329185873e-05
1391, 9.22475840236e-05
1392, 5.3793235229e-05
1393, 9.06137659649e-05
1394, 0.000104236808787
1395, 8.18125954436e-05
1396, 3.61458165261e-05
1397, 6.75713671582e-05
1398, 0.000336817888231
1399, 7.28466170801e-05
1400, 0.000178432506438
1401, 0.000169954253355
1402, 5.50505014679e-05
1403, 0.00037315868567
1404, 0.000161995252913
1405, 0.000393433330244
1406, 6.60299820573e-05
1407, 0.000280382395525
1408, 6.16641882855e-05
1409, 9.47490625486e-05
1410, 4.52156241887e-05
1411, 0.000630583215696
1412, 8.57670682036e-05
1413, 9.54323071667e-05
1414, 4.01685467104e-06
1415, 0.000126852023711
1416, 5.93350014457e-05
1417, 2.59116108111e-05
1418, 5.61399151151e-05
1419, 0.000511954136966
1420, 2.79487334648e-05
1421, 0.000201698507167
1422, 6.72707880907e-05
1423, 8.91354246713e-05
1424, 6.61276308006e-05
1425, 0.000473859415903
1426, 0.000129785611566
1427, 6.20974493496e-05
1428, 0.000166857562399
1429, 4.77183720213e-05
1430, 1.07472818046e-05
1431, 1.84608718924e-05
1432, 5.12302135917e-05
1433, 6.8517573961e-06
1434, 8.28150159407e-05
1435, 0.000133354641016
1436, 0.0003543103523
1437, 0.000134119044511
1438, 0.000102052411605
1439, 0.000130777134535
1440, 7.17316960633e-05
1441, 0.000127969382758
1442, 0.00037979495535
1443, 3.85801174732e-05
1444, 0.000212804652114
1445, 0.000119971535854
1446, 0.000179756631271
1447, 0.000332303148672
1448, 6.95891978367e-05
1449, 8.56666720735e-05
1450, 2.95795546222e-05
1451, 0.000451786974339
1452, 2.29347768406e-05
1453, 0.000332303148672
1454, 6.70406490428e-05
1455, 0.000338444552504
1456, 9.4361175353e-05
1457, 2.29347768406e-05
1458, 2.29347768406e-05
1459, 6.95816753785e-05
1460, 0.000332303148672
1461, 2.29347768406e-05
1462, 0.000103250565709
1463, 2.84882720098e-05
1464, 5.42801255216e-05
1465, 4.45271999464e-05
1466, 7.24998266736e-05
1467, 1.86074127786e-05
1468, 9.30622296076e-05
1469, 0.000165275183159
1470, 7.20791302857e-05
1471, 0.000131371192459
1472, 0.000316379027117
1473, 0.000111148507413
1474, 7.93669436088e-05
1475, 0.000121043750805
1476, 1.28277681734e-05
1477, 3.47491834143e-05
1478, 0.000571918334819
1479, 0.000471159769308
1480, 0.000162673345573
1481, 0.00035231581086
1482, 2.18713440369e-05
1483, 0.000417761281124
1484, 6.76434178835e-05
1485, 0.000355740924191
1486, 0.000330390395634
1487, 0.000392389723067
1488, 7.94411436376e-05
1489, 6.24926686556e-05
1490, 7.9456479909e-05
1491, 2.57395117426e-05
1492, 2.10802311166e-05
1493, 2.10802311166e-05
1494, 2.10802311166e-05
1495, 7.23957847915e-05
1496, 6.16988495274e-05
1497, 3.37155163388e-05
1498, 2.10802311166e-05
1499, 0.00041860012441
1500, 2.2592506593e-05
1501, 8.79015426159e-05
1502, 2.49545977311e-05
1503, 0.000130779914997
1504, 2.99154500323e-05
1505, 0.000321910040634
1506, 0.000368263173619
1507, 1.17883279569e-05
1508, 3.92466451938e-05
1509, 9.33516662926e-05
1510, 1.97855118775e-05
1511, 6.63763901863e-05
1512, 5.94033085404e-05
1513, 4.25095739382e-05
1514, 0.00040756427238
1515, 1.58274237491e-05
1516, 0.000375174563365
1517, 9.01028708629e-05
1518, 0.000184743863739
1519, 5.10496295373e-05
1520, 1.01514802741e-05
1521, 5.51109757706e-05
1522, 0.000408384339215
1523, 0.000330289237821
1524, 6.54938187838e-05
1525, 1.37871727101e-05
1526, 9.73274494075e-06
1527, 0.000356270171087
1528, 3.66567325822e-05
1529, 9.91655191e-05
1530, 0.00039778181264
1531, 0.000114681254147
1532, 0.000350116453377
1533, 5.51104055933e-06
1534, 4.32741166698e-05
1535, 9.21921518081e-05
1536, 1.18553819799e-05
1537, 0.000353709139241
1538, 6.96524943575e-05
1539, 8.50956073212e-05
1540, 0.000457233896278
1541, 2.23140075593e-05
1542, 2.11155294262e-05
1543, 1.29024703049e-05
1544, 0.000365233709226
1545, 0.000378811864919
1546, 0.000350463948597
1547, 0.000359572662909
1548, 0.000350463948597
1549, 7.62457529453e-05
1550, 5.56666429007e-05
1551, 5.02077448911e-05
1552, 6.52563451496e-05
1553, 0.000101664043211
1554, 7.62457529453e-05
1555, 7.34252226753e-05
1556, 0.0003534958712
1557, 4.09041012013e-05
1558, 7.18895947378e-05
1559, 4.09041012013e-05
1560, 0.000100968046799
1561, 4.09041012013e-05
1562, 4.09041012013e-05
1563, 4.09041012013e-05
1564, 4.09041012013e-05
1565, 0.000350463948597
1566, 4.09041012013e-05
1567, 4.09041012013e-05
1568, 4.09041012013e-05
1569, 0.000350463948597
1570, 4.09041012013e-05
1571, 4.09041012013e-05
1572, 4.09041012013e-05
1573, 5.06810145393e-05
1574, 4.09041012013e-05
1575, 4.09041012013e-05
1576, 0.000350463948597
1577, 4.09041012013e-05
1578, 7.62457529453e-05
1579, 0.000350463948597
1580, 4.09041012013e-05
1581, 0.000350463948597
1582, 4.09041012013e-05
1583, 4.09041012013e-05
1584, 4.09041012013e-05
1585, 7.62457529453e-05
1586, 0.000350463948597
1587, 4.09041012013e-05
1588, 0.000372208286256
1589, 8.54768232061e-05
1590, 0.000372208286256
1591, 0.000381643925466
1592, 7.06227209491e-05
1593, 9.41040094188e-06
1594, 0.000342409518459
1595, 0.000318239888667
1596, 9.61480580914e-06
1597, 4.25170806814e-05
1598, 0.00036009351143
1599, 1.04670502685e-05
1600, 6.61035612226e-05
1601, 6.20813692463e-06
1602, 4.0052216229e-05
1603, 0.000332464587217
1604, 9.30942627678e-06
1605, 6.98805652328e-05
1606, 0.000315698003492
1607, 0.000355082715486
1608, 4.30404154036e-05
1609, 4.69156701073e-05
1610, 3.32305428749e-05
1611, 3.14483991279e-05
1612, 1.8285731101e-05
1613, 0.000315462373208
1614, 5.05501798897e-06
1615, 0.000412793408763
1616, 9.34884702458e-06
1617, 0.00031694580084
1618, 0.000311930570118
1619, 0.000317641733311
1620, 7.70568129868e-05
1621, 0.000323445737843
1622, 0.000331289455493
1623, 5.48943243789e-05
1624, 0.000317528021601
1625, 0.000317528021601
1626, 0.000321721433335
1627, 1.23640751911e-05
1628, 5.84827220373e-05
1629, 4.6239280502e-05
1630, 0.000344874475372
1631, 4.79750897079e-05
1632, 3.53417732117e-05
1633, 3.53417732117e-05
1634, 3.53417732117e-05
1635, 3.53417732117e-05
1636, 3.53417732117e-05
1637, 3.53417732117e-05
1638, 3.53417732117e-05
1639, 4.74537600214e-05
1640, 0.000344874475372
1641, 3.53417732117e-05
1642, 4.62132922952e-05
1643, 6.87460330263e-05
1644, 0.000366615840754
1645, 3.53417732117e-05
1646, 4.05250177657e-05
1647, 3.53417732117e-05
1648, 3.53417732117e-05
1649, 3.53417732117e-05
1650, 3.53417732117e-05
1651, 0.000344874475372
1652, 2.70844336582e-05
1653, 1.45368660406e-06
1654, 3.65094114478e-06
1655, 1.59543816582e-05
1656, 1.29319273569e-05
1657, 1.33223663162e-05
1658, 3.89784674526e-05
1659, 0.000321653994592
1660, 1.26361773862e-05
1661, 6.580996604e-06
1662, 2.2706639871e-05
1663, 0.000330694451951
1664, 0.000359670790218
1665, 2.19133042651e-05
1666, 0.000330694451951
1667, 0.000330694451951
1668, 2.19133042651e-05
1669, 0.000330694451951
1670, 2.19133042651e-05
1671, 2.88763045102e-06
1672, 2.09411565071e-05
1673, 3.96511231146e-06
1674, 7.68241770415e-06
1675, 9.91292326736e-06
1676, 9.91292326736e-06
1677, 8.80011539147e-06
1678, 6.31174264857e-06
1679, 6.31174264857e-06
1680, 6.31174264857e-06
1681, 0.000324943270236
1682, 1.22283268567e-05
