1, 0.00269575251572
2, 0.00132138068128
3, 0.00114281677646
4, 0.00192328213058
5, 0.00116575459016
6, 0.000245309868606
7, 0.00249766636208
8, 0.00209191100165
9, 0.00189932494084
10, 0.000744663628535
11, 0.00197446935579
12, 0.00211866504958
13, 0.00169182852691
14, 0.00119333262265
15, 0.00178894481086
16, 0.000339790164361
17, 0.000875782460707
18, 0.000448919628549
19, 0.000760479131877
20, 0.000608971325918
21, 0.000782097719451
22, 0.00259200847683
23, 0.00150486024305
24, 0.00169399581683
25, 0.00202460760417
26, 0.000755807184759
27, 0.000643554485007
28, 0.00249792300234
29, 0.00118502653722
30, 0.000735971087442
31, 0.00144071874162
32, 0.000805260981533
33, 0.000964729671813
34, 0.000398105298465
35, 0.000438398622871
36, 0.000222618884723
37, 0.000143260108381
38, 0.00120117852029
39, 0.000884376632956
40, 0.000959529821145
41, 0.000448403772407
42, 0.00137105707999
43, 0.000505444057162
44, 0.00123589414394
45, 0.00100989873558
46, 0.000669797738258
47, 0.00131568639189
48, 0.001060754556
49, 0.00120630998627
50, 0.00332875931347
51, 0.0012153753458
52, 0.0012240800266
53, 0.00126113182018
54, 0.00112948315906
55, 0.00133581955198
56, 0.00275138355103
57, 0.000411275987107
58, 0.00165350172533
59, 0.000767276739626
60, 0.000621197069583
61, 0.000631040762698
62, 0.0012440733868
63, 0.000841858126538
64, 0.00218299245235
65, 0.00116323099168
66, 0.00147938189974
67, 0.00107450770953
68, 0.00134249761916
69, 0.00247921593314
70, 0.00207383263229
71, 0.00218271497972
72, 0.00133038349786
73, 0.00128307485965
74, 8.7171738544e-05
75, 8.56695792735e-05
76, 0.000958170973174
77, 0.00175881595989
78, 0.000429657142283
79, 0.00283787849001
80, 0.00109162922034
81, 0.00118004221042
82, 0.00249615034717
83, 0.0017326916317
84, 0.000205151632779
85, 0.00065573810513
86, 0.00127215668379
87, 0.00131235525176
88, 0.0021688088707
89, 0.00250294501386
90, 0.00100146000992
91, 0.00135126627836
92, 0.00105869880935
93, 0.000930940189487
94, 0.00128791108415
95, 0.00188898998943
96, 0.0026223335658
97, 0.00241610631521
98, 0.00270669509045
99, 0.00159977132187
100, 0.00325345742523
101, 0.00107008940773
102, 0.000544148315115
103, 0.000470976151541
104, 8.34959097321e-05
105, 0.000654009422131
106, 0.000898408395479
107, 0.000653208341171
108, 0.000866572118822
109, 0.00132616772642
110, 0.000348795465747
111, 0.00183287157298
112, 0.000203532207902
113, 0.000410519893371
114, 0.000479141573171
115, 0.000434297102781
116, 0.00091543163754
117, 0.0024102655745
118, 0.00226585371068
119, 5.26481255933e-05
120, 0.000895343297363
121, 0.0027364810148
122, 0.000955757654212
123, 0.000971882314923
124, 0.00128742593431
125, 0.0019921911376
126, 0.000946450566031
127, 0.00247619472215
128, 0.000692758871146
129, 0.00127128911171
130, 0.000217895845385
131, 0.000890089940409
132, 0.00201648504255
133, 0.00138933883162
134, 0.00156605447458
135, 0.00207075535449
136, 0.00088964588367
137, 0.00117939480446
138, 0.000187015441898
139, 0.000603183586207
140, 0.000619719150274
141, 0.000802861480111
142, 0.000917415032304
143, 0.00191432861622
144, 0.00196779385207
145, 0.00094168836341
146, 0.000411981198393
147, 0.00136424242754
148, 0.000988950851944
149, 0.00058184402457
150, 0.00112365217824
151, 0.00217609417455
152, 0.000799711718771
153, 0.0019894165554
154, 0.0014920273669
155, 0.000998582961869
156, 0.00157939302848
157, 0.00149160359921
158, 0.000624581230057
159, 0.000980244579395
160, 0.000750937566101
161, 0.0019592716871
162, 0.000944599639995
163, 0.00115077569084
164, 0.00133955328189
165, 0.000514150900025
166, 0.000510351210285
167, 0.000712895958585
168, 0.00240186078724
169, 0.000919942865638
170, 0.00103803529679
171, 0.000647991104274
172, 0.00268343125605
173, 0.00237608057081
174, 0.00293132729118
175, 0.00200567949329
176, 0.00222447211336
177, 0.00116531955032
178, 0.00137547960436
179, 0.00185547467928
180, 0.0017740697271
181, 0.00306745724183
182, 0.00188047003385
183, 0.00221258915788
184, 0.00110345278454
185, 0.00219054845371
186, 0.00209718358283
187, 0.00165286230342
188, 0.00156119088604
189, 0.000556240474788
190, 0.00108579805706
191, 0.00215437264338
192, 0.0010068939177
193, 0.00172297566832
194, 0.00178939648871
195, 0.00237852497712
196, 0.00209943788063
197, 0.00211054561759
198, 0.00117687783389
199, 0.00134627334373
200, 0.00204981263114
201, 0.000814163196825
202, 0.0022537014169
203, 0.00164429052888
204, 0.00267727707115
205, 0.00110603772095
206, 0.000552509608221
207, 0.000659561207119
208, 0.00172219119078
209, 0.001676261733
210, 0.00251238988292
211, 0.00202721071671
212, 0.000883639875854
213, 0.00106721244139
214, 0.00131675932607
215, 0.00183771386188
216, 0.0023000718575
217, 0.00120033010374
218, 0.00191464761062
219, 0.0011297800335
220, 0.000521790552882
221, 0.000922100798085
222, 0.00231404064998
223, 0.00123056338852
224, 0.000427509280118
225, 0.00116218804725
226, 0.00161520745811
227, 0.00145211889526
228, 0.00202401710152
229, 0.00184306294482
230, 0.00171569912854
231, 0.00138139745837
232, 0.00106079608363
233, 0.00152411358675
234, 0.00255416630733
235, 0.00172198425405
236, 0.000450611426439
237, 0.00230502275457
238, 0.00241174897473
239, 0.00176973506125
240, 0.00123194272503
241, 0.00127112889135
242, 0.000672395270971
243, 0.00104108022139
244, 0.000666959284466
245, 0.00154269139109
246, 0.0011734224361
247, 6.04468299448e-05
248, 0.00155402427675
249, 0.000998848625859
250, 0.00142543158368
251, 0.000390014582578
252, 0.00143745562845
253, 0.000496978846914
254, 0.000838706463763
255, 0.00101919350746
256, 0.000496790426549
257, 0.00183247843716
258, 0.00253959264746
259, 0.000938471651611
260, 0.00115165815628
261, 0.00027208120627
262, 0.000808304951775
263, 0.00047037407777
264, 0.000999029761625
265, 0.00189476258689
266, 0.000259645205162
267, 8.29642653863e-05
268, 0.00147435571607
269, 0.0015535023201
270, 0.00116732806347
271, 0.0012213508901
272, 0.00113131063373
273, 0.00161284369728
274, 0.00136973379201
275, 0.00156742202241
276, 0.00177997797395
277, 0.000573626350901
278, 0.000752600530031
279, 0.000289952927656
280, 0.000667991003561
281, 0.00118954301213
282, 0.00157322049573
283, 0.00149793236358
284, 0.00146642320035
285, 0.00104793526284
286, 0.00221188775415
287, 0.000948184135473
288, 0.00241056894932
289, 0.00132498576484
290, 0.0011826991465
291, 0.00133748491239
292, 0.000641420225802
293, 0.00101617337894
294, 0.0024044961526
295, 0.000548720621472
296, 6.37690513821e-05
297, 0.000385949520332
298, 0.00158565743787
299, 0.000474367401705
300, 0.00223337528019
301, 0.00123470470376
302, 0.00159686587388
303, 0.000761144430599
304, 0.000780059262677
305, 0.000556679633898
306, 0.000507977070241
307, 0.00100908320767
308, 0.000525196581516
309, 0.000146597135858
310, 0.00109749699713
311, 0.000749458766271
312, 0.000515743002512
313, 0.00210027901967
314, 5.7897608123e-05
315, 0.00123493152312
316, 0.00109905750725
317, 0.000998875940076
318, 0.00216009386265
319, 0.000940221081309
320, 0.000224216086654
321, 0.000917496132598
322, 0.00146807461613
323, 0.00149243510561
324, 0.00103859682661
325, 0.000757138468149
326, 0.000898458440466
327, 0.000864004765978
328, 0.00155057379307
329, 0.000308571770272
330, 0.000346688159292
331, 0.000601138387098
332, 0.0007682890383
333, 0.00130881670398
334, 0.000398041721479
335, 0.000138555879326
336, 0.000296506103429
337, 0.000167978913905
338, 0.000576953591025
339, 0.000291204882566
340, 0.00096526077332
341, 0.000419593964075
342, 0.000356247118398
343, 0.000716837138826
344, 0.000332076561762
345, 0.000436071010808
346, 0.000797707563782
347, 0.000895742548745
348, 0.000205507414452
349, 0.000538463780184
350, 0.00028211095156
351, 0.000193401590704
352, 0.000481937807709
353, 0.00012427639539
354, 0.000527626600643
355, 0.000316636661841
356, 0.00100858484573
357, 0.00195533837707
358, 0.000827438523082
359, 0.000125153377479
360, 0.000394085648989
361, 8.66028524258e-05
362, 0.000494986918806
363, 0.000513787261501
364, 0.00043309322261
365, 0.000527771944015
366, 0.000600461936607
367, 0.0019713856606
368, 0.000326428949689
369, 0.000473008733509
370, 0.000635370668415
371, 0.000705263343776
372, 0.00037931952844
373, 0.000448723979481
374, 0.000149212204566
375, 0.000312539221759
376, 0.000262959911941
377, 0.000190534016257
378, 0.000978537428586
379, 0.000503537131281
380, 0.00115103329395
381, 0.000905546323383
382, 0.00104352763339
383, 0.000333777385762
384, 0.00106500595879
385, 0.00191796340031
386, 0.00124252486893
387, 0.00076016890405
388, 0.000365758253025
389, 0.000610282267143
390, 0.000110631141747
391, 0.000670773483563
392, 0.000708747572961
393, 0.00180487659329
394, 0.000465628884086
395, 0.000588447332558
396, 0.00100594799973
397, 0.000167302231891
398, 0.000324460241829
399, 0.00093033939644
400, 0.000226767821933
401, 0.000853312983691
402, 0.00157260639216
403, 0.0018627621778
404, 0.00103407748857
405, 0.00236128124421
406, 0.000409671549549
407, 0.000703029822605
408, 0.000772853833894
409, 0.000907451774041
410, 0.00157229160237
411, 0.00132342401664
412, 0.000833323592728
413, 0.00051149726115
414, 0.000646610039757
415, 0.000341945492108
416, 0.000946217778681
417, 0.00114799766101
418, 0.0011987686954
419, 0.00155632236662
420, 0.000839328496416
421, 0.00102677445481
422, 0.000247026000308
423, 0.00269439334055
424, 0.000184546880422
425, 0.000921649919899
426, 0.000350637500406
427, 0.00193751296198
428, 0.00115743662098
429, 0.00085742640122
430, 0.00087903200657
431, 0.00140755155223
432, 0.001512272274
433, 0.00192079061173
434, 0.000942880057812
435, 0.00164087582026
436, 0.00100307693478
437, 9.076643644e-05
438, 0.000412067004252
439, 9.076643644e-05
440, 0.000495054950498
441, 0.000518840796472
442, 0.000386442730413
443, 0.00149142285782
444, 0.000487540848136
445, 0.000270266338015
446, 0.000136583237774
447, 0.00147215129015
448, 0.000915398895314
449, 0.00137743913902
450, 0.000603826520184
451, 0.00159340915585
452, 0.000686798441692
453, 0.000526103285945
454, 0.000191193975547
455, 0.00118440088926
456, 0.000401002925815
457, 0.000234979903656
458, 0.00097320108717
459, 0.000234566034788
460, 0.000266650989256
461, 0.000796975413574
462, 0.00125470118752
463, 0.000691857618457
464, 0.000372604873778
465, 0.00111752640714
466, 0.000550452045862
467, 0.000547207498852
468, 0.00100595429675
469, 0.00103454794714
470, 0.00112347831837
471, 0.0015400273637
472, 0.00131542490979
473, 0.00105404388856
474, 0.00153465741502
475, 0.00191313811584
476, 0.00117080926448
477, 0.000772411301996
478, 0.00112755849306
479, 0.00142484628123
480, 0.00144255562895
481, 0.000902140676667
482, 0.00108461427762
483, 0.0017981846456
484, 0.00108020635676
485, 0.00106699445755
486, 0.00052828342963
487, 0.000536968000057
488, 0.000640047965755
489, 0.000503530076923
490, 0.000469261279414
491, 0.000675209686142
492, 0.000565600880669
493, 0.00085343092774
494, 0.000530070485451
495, 0.000508869283468
496, 0.00175107004474
497, 0.000935126783998
498, 0.00125532483166
499, 0.000565622149835
500, 0.00066705774712
501, 0.00118287996164
502, 0.000608418988354
503, 0.000437211304771
504, 0.00136292178274
505, 0.0006797113008
506, 0.00124463114231
507, 0.000852500396477
508, 0.00170933058856
509, 0.00138384460954
510, 0.00101446077615
511, 0.00168516640708
512, 0.000548355205638
513, 0.00092065975977
514, 0.0013606064569
515, 0.00134237434665
516, 0.000629618476351
517, 0.00114754364267
518, 0.000891921825594
519, 0.000714134845015
520, 0.0010722168058
521, 0.0013796892362
522, 0.000660039364729
523, 0.00123883027729
524, 0.000702170911841
525, 0.000708789322411
526, 0.00111749727768
527, 0.00162256810632
528, 0.00100657587247
529, 0.000828521985501
530, 0.000754068575114
531, 0.00139453219758
532, 0.000194910141598
533, 0.000172357854866
534, 0.000460687913082
535, 0.00041251301033
536, 0.000148834244582
537, 0.00069909804064
538, 0.000352056034134
539, 0.000585238199017
540, 0.000522222074457
541, 0.000874926332241
542, 0.000550136754443
543, 0.000551396740905
544, 0.000616628619832
545, 0.000170674113738
546, 0.00188224718146
547, 0.000386806518993
548, 0.000154597260874
549, 0.00102244190815
550, 0.00152282909055
551, 0.000297890007764
552, 0.000873523643633
553, 0.000669132896704
554, 0.00102588234218
555, 0.000156182791111
556, 0.000190190541109
557, 0.000533644578197
558, 0.000794919423503
559, 0.00140637881909
560, 0.000545244075846
561, 0.00095106540053
562, 0.000536229079789
563, 0.00033294046141
564, 0.000319177525199
565, 0.000259435785059
566, 0.0016785042303
567, 0.000358625792813
568, 0.00200269246827
569, 0.000763183968191
570, 0.000565398934017
571, 0.000712419546509
572, 0.000397635898887
573, 0.000355156785679
574, 0.000526205605427
575, 0.000798603529324
576, 0.00100260110307
577, 0.000485222568103
578, 0.00133204435075
579, 0.000537033764988
580, 0.000310154050547
581, 0.000957584278606
582, 0.00141742723999
583, 0.000456519265788
584, 0.000757147258043
585, 0.000451004015132
586, 0.000420006968827
587, 0.000179118428811
588, 0.00198676576188
589, 0.000440500743059
590, 0.000188031933567
591, 0.0016589063011
592, 0.000142435666636
593, 0.000156451450131
594, 8.86883402727e-05
595, 0.000492436815911
596, 0.000913501292884
597, 0.00183330834429
598, 6.64708591452e-05
599, 1.67446625631e-05
600, 0.000332083172094
601, 0.000246492189654
602, 0.000514801753828
603, 0.00159916792796
604, 0.000656209992288
605, 0.000314466703581
606, 0.000637228545129
607, 0.000627429894055
608, 0.000331605787301
609, 0.000568719514949
610, 0.000457949981372
611, 0.000381651311767
612, 0.000355685465839
613, 0.000295141277005
614, 0.000533086594443
615, 0.000518200946663
616, 0.000668206728396
617, 0.000176800204494
618, 0.000204559043684
619, 0.000941229379281
620, 0.000431145588277
621, 0.000150784708636
622, 0.000440117623777
623, 0.000423593622028
624, 0.000295717357443
625, 0.00111207432512
626, 0.000387941273327
627, 0.00107185122598
628, 0.00128279371264
629, 0.00105891020744
630, 0.000359228521007
631, 0.00145207733316
632, 0.000863724442735
633, 0.000612987217195
634, 0.000249543593713
635, 0.000562958634092
636, 0.000978134190688
637, 0.000397684163572
638, 0.000456685951598
639, 0.000746461233605
640, 0.000796731774838
641, 0.000307829248316
642, 0.000956214022661
643, 0.000364587637672
644, 0.000408020351169
645, 0.000301237915468
646, 0.000392711336497
647, 0.00102343791671
648, 0.000572116106808
649, 0.000590043374958
650, 0.0010260988638
651, 0.00147535425357
652, 0.000858977873393
653, 0.000375930594673
654, 0.00125869648556
655, 0.00224801915926
656, 0.000430482542676
657, 0.00142437700717
658, 0.00088053425701
659, 0.00129838932685
660, 0.00137478538894
661, 0.00106591786868
662, 0.00108283750809
663, 0.00105763808355
664, 0.000460067249587
665, 0.00129724509787
666, 8.31027344481e-05
667, 0.000156621520735
668, 0.000419522038887
669, 0.000173048254362
670, 0.000425023455498
671, 0.00050550189715
672, 0.000660251177945
673, 0.00117867663233
674, 0.00054173583091
675, 0.000870350916189
676, 0.000602953100455
677, 1.67446625631e-05
678, 0.00123345144922
679, 0.00107591418398
680, 0.000253606681167
681, 0.000206417624652
682, 0.000835088543213
683, 0.000325570203615
684, 0.00152995528065
685, 0.00155540762283
686, 0.000623530272137
687, 0.000781142365694
688, 0.000258905337704
689, 0.000532077466657
690, 0.000743183182301
691, 0.000139065102675
692, 0.00148654078507
693, 0.00101191285053
694, 0.000398295712851
695, 0.000475624917578
696, 0.000655423752368
697, 0.000462454931703
698, 0.000474088613061
699, 0.000930605596616
700, 0.000251422644579
701, 6.71400696786e-05
702, 0.000622201270267
703, 0.000213932409831
704, 0.000555790821406
705, 0.00140442736867
706, 0.000373337675719
707, 0.000646789806002
708, 0.00101016266908
709, 0.00101561637534
710, 0.000795755248778
711, 7.17886963717e-06
712, 0.00057909329575
713, 0.000909665774674
714, 0.000162025119408
715, 0.00100085002602
716, 0.000928920535333
717, 0.00096490441897
718, 0.000171836877197
719, 0.000382677576308
720, 0.00112962366898
721, 0.000611685555893
722, 0.000667375412351
723, 0.000742376699694
724, 0.000744653265115
725, 0.000256214085253
726, 0.000198164054469
727, 0.001006054045
728, 0.00056978227266
729, 0.000897400646752
730, 0.000264223160711
731, 0.000792536643303
732, 0.0016686125208
733, 0.000227119906596
734, 0.000357557197732
735, 0.00164561768043
736, 0.000739809184883
737, 0.000639845091861
738, 0.000333115787355
739, 0.00157608173993
740, 0.000757508067404
741, 0.000820544477622
742, 0.00179049375106
743, 0.000660303158445
744, 0.000649812500876
745, 0.000198479453822
746, 0.0012279849473
747, 0.00105097504383
748, 0.00158182258094
749, 0.000369933907773
750, 0.000694949166365
751, 0.00105465754861
752, 0.000618100378551
753, 0.000270145353527
754, 0.000304146374009
755, 0.000974543783576
756, 0.00125622779578
757, 8.68419174677e-05
758, 0.000223537950557
759, 0.000177835464554
760, 0.00039763477246
761, 0.000557617912337
762, 0.000965729007212
763, 0.0011113286952
764, 0.000310871186664
765, 0.000461214094537
766, 0.000454423187246
767, 0.000165084261664
768, 0.000600285192247
769, 0.000463309789413
770, 0.000654814861112
771, 0.000783990810695
772, 0.000822070609947
773, 0.00023247004757
774, 0.000394328064117
775, 0.000678859712361
776, 0.000137850169371
777, 8.80038445073e-05
778, 0.000788059132384
779, 0.000404367151209
780, 0.000755218505306
781, 0.00117050993749
782, 0.000212588250818
783, 0.000503589790954
784, 6.98308599393e-05
785, 0.00047679398561
786, 0.000238277588443
787, 0.000191512929717
788, 7.11786672891e-05
789, 0.000575638661585
790, 0.000716769140704
791, 0.000463676456124
792, 0.000932169338794
793, 0.000485631268753
794, 0.000553780467829
795, 0.000273533724355
796, 0.000452645451468
797, 0.000347878282776
798, 0.00014787547644
799, 0.000372363290792
800, 0.000642687311393
801, 0.00024165299548
802, 0.000798627221891
803, 0.000472429704359
804, 0.00012869584101
805, 0.000365599520026
806, 0.000577781413203
807, 0.000182254415443
808, 0.000695584614928
809, 0.000485884695124
810, 0.000515815146416
811, 0.000192146724823
812, 0.000552328226128
813, 0.000430494602634
814, 0.000335090494287
815, 0.00112421145511
816, 0.000550785152924
817, 0.000357486810708
818, 0.000277135286395
819, 0.00065453301371
820, 0.000823266291798
821, 0.00056572122513
822, 6.45548496068e-05
823, 0.000778110208277
824, 0.000547991632876
825, 0.000758268581927
826, 0.000710200021951
827, 0.000772906044708
828, 0.000443556432132
829, 0.000275620809163
830, 2.99999015996e-05
831, 0.000834188663176
832, 0.000547637225539
833, 0.000478668572006
834, 0.000571723246164
835, 0.000142077169687
836, 0.000281012651654
837, 0.000291865137488
838, 4.75759550265e-05
839, 5.69692956605e-05
840, 0.000782768967353
841, 0.000408214302555
842, 0.000352473248647
843, 0.000396358635632
844, 0.000411592196931
845, 0.00134540925691
846, 0.000374784943451
847, 0.000495140873556
848, 0.000126094652469
849, 0.000565803826905
850, 6.86664771115e-05
851, 0.000390661527169
852, 2.99999015996e-05
853, 0.000200504250587
854, 0.000211716178731
855, 0.000585691320057
856, 0.000692000622247
857, 0.000335090494287
858, 7.90243974004e-05
859, 0.000468798585194
860, 0.00019621547467
861, 8.14855119692e-05
862, 0.000493595324134
863, 0.000566144515064
864, 0.000618139620157
865, 0.000562002310355
866, 0.000851727939684
867, 0.00012537570584
868, 4.57668696393e-05
869, 0.000599833543747
870, 0.000124114841723
871, 0.000847358046158
872, 0.000311578778154
873, 0.000480325268807
874, 0.000314644448925
875, 0.000398041070869
876, 0.000638189224637
877, 0.000658435339374
878, 0.000264310557557
879, 0.000728785124054
880, 0.000367266509763
881, 0.000315270744069
882, 0.000556414981636
883, 0.000119899019968
884, 9.09228158164e-05
885, 0.000161089601743
886, 0.00065204669196
887, 0.00042100574106
888, 0.000122820626929
889, 0.000444723699787
890, 0.000391039565244
891, 4.77915917264e-05
892, 0.000314450045035
893, 9.17080389233e-05
894, 0.000126401573334
895, 0.000680408860491
896, 0.000312755613557
897, 0.000340668579442
898, 0.000336009645238
899, 9.6523951481e-05
900, 0.000322678459613
901, 0.000117571743903
902, 0.000320065978998
903, 0.000162204934505
904, 0.000532986984761
905, 0.000529894572041
906, 0.000467783856156
907, 0.000340720409504
908, 0.000142154881503
909, 0.000127334386352
910, 0.000384613014075
911, 8.1325999996e-05
912, 0.000116354453261
913, 6.65978806695e-05
914, 0.000119753661613
915, 0.000177146634631
916, 0.000209795546512
917, 0.00040099838858
918, 0.000126233896734
919, 0.000770765598668
920, 8.77823451525e-05
921, 0.000475505743964
922, 0.000652247643005
923, 0.000789861616964
924, 0.000949475684031
925, 0.00062217308501
926, 0.00106316634193
927, 0.00010647389667
928, 0.000906778042614
929, 0.000386003541175
930, 0.000688665087417
931, 0.000543817396654
932, 0.000361187729497
933, 0.000188266706598
934, 0.000812988849829
935, 8.56522172091e-05
936, 0.000271522602736
937, 0.000530111263715
938, 0.00045111301515
939, 0.000665142354898
940, 0.000400296717779
941, 0.000505713133294
942, 0.000588689352647
943, 0.000450037464605
944, 0.000493000944636
945, 0.000397921803164
946, 0.000602793843033
947, 0.000460173235031
948, 0.000325984406709
949, 0.000964424380898
950, 0.000329507905756
951, 0.00044373611024
952, 0.000390774229755
953, 0.000601652956489
954, 0.000153768429041
955, 0.000538260424084
956, 0.000509473031017
957, 5.10684330991e-05
958, 0.000171632222765
959, 0.000725857432793
960, 0.000597995416319
961, 0.000350868932258
962, 0.000533557323497
963, 0.00035691956542
964, 0.000141441388409
965, 0.000244343164741
966, 0.000626257629526
967, 0.00014146021182
968, 0.000477602463884
969, 0.000629138136985
970, 0.000116838476794
971, 0.000655498693265
972, 0.000368026067935
973, 0.000343636209673
974, 0.000633418715225
975, 0.000719219396502
976, 0.000125794792747
977, 0.000474543562813
978, 0.000253686536001
979, 0.000658857047581
980, 0.000596067243426
981, 0.000400961218408
982, 0.000206385027533
983, 0.000154488726965
984, 0.000335695678023
985, 0.000195098447157
986, 0.000518905677545
987, 0.000343762218005
988, 0.000431161196564
989, 0.000208973390961
990, 0.000539525624307
991, 0.000498901495562
992, 6.22143109679e-05
993, 0.000487392661156
994, 9.13433077783e-05
995, 0.000225671746466
996, 0.000162897240658
997, 0.000533762743298
998, 0.000184519615222
999, 0.00013459366154
1000, 0.000137175155988
1001, 0.000491337866772
1002, 0.000411070638185
1003, 8.74914585993e-05
1004, 0.000429303780459
1005, 0.0002382132005
1006, 0.000270482685677
1007, 0.00039039766694
1008, 0.00064195389695
1009, 0.000490415835295
1010, 0.000760968019681
1011, 0.0011370364337
1012, 0.000737620756347
1013, 0.000319503486408
1014, 0.000797749432829
1015, 0.000138737233051
1016, 0.00104533537696
1017, 0.000735229542677
1018, 0.000649756044441
1019, 0.00029936563165
1020, 0.000337088954718
1021, 0.000672801719379
1022, 0.000220193004352
1023, 0.000281507026384
1024, 0.00010661833935
1025, 0.000274393257352
1026, 4.62326502637e-05
1027, 6.24390798642e-05
1028, 0.00140668434847
1029, 0.000506293888049
1030, 0.000231351988079
1031, 0.0004027988301
1032, 0.000198610592529
1033, 0.000601602663428
1034, 0.000264565544463
1035, 0.000687993792186
1036, 0.000262111501221
1037, 0.000596985421577
1038, 0.000120016807161
1039, 0.00108143724635
1040, 0.000226621930372
1041, 0.000950872207312
1042, 0.000368376845874
1043, 9.80386073081e-05
1044, 0.000518360064314
1045, 0.000335882561652
1046, 0.000851399641018
1047, 0.00105131434539
1048, 0.00067263092881
1049, 0.000244689137384
1050, 0.000406905919712
1051, 0.000330557655447
1052, 0.000265379445184
1053, 0.000627467792505
1054, 0.000223742932388
1055, 0.000136787490871
1056, 0.000420667660354
1057, 0.000226650686113
1058, 0.000517875890273
1059, 0.000288004947197
1060, 0.000606423455045
1061, 0.000540100522366
1062, 0.000115182587339
1063, 0.000386508710902
1064, 0.000342247281879
1065, 0.000491509404944
1066, 0.000193448817162
1067, 0.000658268725359
1068, 0.000449451335827
1069, 0.000256513269647
1070, 0.0003328674128
1071, 0.000190838102635
1072, 0.000108570509968
1073, 0.000611194654599
1074, 0.00114627555362
1075, 8.52085617916e-05
1076, 0.000173389646609
1077, 9.50214015439e-05
1078, 0.000256207238629
1079, 0.000440013996534
1080, 1.99262824402e-05
1081, 9.3152515887e-05
1082, 0.000110496410318
1083, 5.66525190917e-05
1084, 0.000185968506121
1085, 0.000461226168036
1086, 0.000236457921084
1087, 0.000432535846168
1088, 0.000144159569486
1089, 0.000649200776711
1090, 0.000417657604046
1091, 0.000478048259066
1092, 0.000161922461361
1093, 0.000235894723177
1094, 0.000107444897939
1095, 0.000607753363684
1096, 3.06832194251e-05
1097, 0.000515969401774
1098, 0.000440258095288
1099, 0.000149552198803
1100, 0.000446814296414
1101, 0.000745339220545
1102, 0.00038716122286
1103, 0.000559653257655
1104, 0.000362073538584
1105, 0.000112741094989
1106, 5.62757522917e-05
1107, 0.00027117367524
1108, 0.000431340620096
1109, 0.00063547068761
1110, 0.000448709857854
1111, 0.000140109202051
1112, 0.00023514784079
1113, 0.000308997978799
1114, 0.000407462435714
1115, 0.000247880586647
1116, 0.000123781864631
1117, 0.000458271405792
1118, 0.000553492259024
1119, 0.000891238056026
1120, 0.000198977984378
1121, 0.000214621225484
1122, 8.14094115221e-06
1123, 4.38996081123e-05
1124, 0.000413565180065
1125, 3.13754828181e-05
1126, 0.000590550270092
1127, 0.000355516971319
1128, 0.000161112321086
1129, 0.000575696987043
1130, 8.89029648807e-06
1131, 0.000170414407233
1132, 0.000279635224784
1133, 0.000632460762117
1134, 0.000364141334888
1135, 0.000539887095912
1136, 0.000331827851601
1137, 0.000553281795677
1138, 0.000349891673872
1139, 0.000733190629227
1140, 0.000226951967613
1141, 0.000417562155214
1142, 0.000357227213408
1143, 0.000163284692435
1144, 5.6341057679e-05
1145, 0.000109039842941
1146, 0.000363474302737
1147, 0.000608978142209
1148, 0.000105939117751
1149, 0.000222057606931
1150, 9.97418065733e-05
1151, 0.000110243978388
1152, 0.000203889046685
1153, 0.000244858520929
1154, 0.000418101900899
1155, 4.54122227456e-05
1156, 3.66887420548e-06
1157, 0.000250067661795
1158, 0.000362257224012
1159, 0.000112609971794
1160, 0.00025531980942
1161, 0.000146281154538
1162, 7.71630342065e-05
1163, 0.000545086128421
1164, 0.000372606010928
1165, 0.000145120314933
1166, 0.000199842800862
1167, 0.000144386694059
1168, 0.000280726417663
1169, 0.000468479386971
1170, 0.000343739881921
1171, 0.000145649064776
1172, 0.000458739963588
1173, 0.00012184876982
1174, 0.000131876384016
1175, 4.82043140852e-05
1176, 0.000160950791616
1177, 9.40758380507e-05
1178, 0.000576814292045
1179, 0.000449679809783
1180, 0.000454622967938
1181, 0.000437079712417
1182, 0.000197535539676
1183, 0.000177451900675
1184, 0.000163793129175
1185, 0.000205585152032
1186, 6.81332225167e-05
1187, 0.00014604029825
1188, 0.000469432195638
1189, 4.16542090644e-05
1190, 7.39970015644e-05
1191, 2.04363778296e-05
1192, 0.000483916594077
1193, 0.000441133683829
1194, 0.000348851008449
1195, 0.000468022831551
1196, 0.000360128032135
1197, 0.000388697038307
1198, 0.000140432176685
1199, 0.000226698604212
1200, 0.000103710950559
1201, 1.31312881218e-05
1202, 0.000110197156007
1203, 0.000515237043287
1204, 0.00016938095847
1205, 0.000391797487711
1206, 0.000567729778544
1207, 0.000225665060804
1208, 0.000608179080913
1209, 0.000238000644527
1210, 0.000466065216149
1211, 0.000166138235489
1212, 6.9712053292e-05
1213, 9.57956612967e-05
1214, 0.000118554383784
1215, 0.000329571310041
1216, 6.84334491025e-05
1217, 0.00047330920012
1218, 0.000289413697171
1219, 0.000222938645977
1220, 0.000438974714086
1221, 0.000476605685799
1222, 0.000306297299371
1223, 0.000373753841221
1224, 0.000209399236816
1225, 0.000497652865002
1226, 0.000349277541036
1227, 0.000109774526947
1228, 0.000543934749585
1229, 0.000173712369947
1230, 0.000533363484492
1231, 0.000573878315782
1232, 0.000244790627873
1233, 5.92766873341e-05
1234, 4.19184168218e-05
1235, 0.000312719120518
1236, 0.000312719120518
1237, 4.51457711374e-05
1238, 6.52538495665e-05
1239, 0.000560303533675
1240, 0.000250368218368
1241, 0.000359338221222
1242, 7.4863257303e-05
1243, 0.000345999326164
1244, 0.000351439796721
1245, 0.000227203852697
1246, 0.000405763708743
1247, 0.000102554857958
1248, 0.000278557659908
1249, 0.000174399220931
1250, 0.000100483345714
1251, 5.20682546475e-05
1252, 0.000134643438218
1253, 0.000111085389611
1254, 7.23818262075e-05
1255, 0.000130898914794
1256, 5.96565575338e-05
1257, 7.00375546715e-05
1258, 0.000214011387786
1259, 0.000350364439624
1260, 6.51297619665e-05
1261, 0.000383114340367
1262, 0.000111799611913
1263, 0.000461945253055
1264, 0.000382892522961
1265, 0.000502102320392
1266, 0.000151646639166
1267, 0.000474809024062
1268, 0.000148100106036
1269, 0.000417319372948
1270, 0.000385889006865
1271, 0.000113116007211
1272, 6.20556302684e-05
1273, 0.000185563763899
1274, 0.000159257261226
1275, 7.34579826189e-05
1276, 0.000115187420511
1277, 0.0004771575438
1278, 0.000430422881346
1279, 0.00039696296501
1280, 0.000114083615437
1281, 0.000139605351651
1282, 0.000110537502058
1283, 0.00014686293287
1284, 0.000262969100932
1285, 0.000165922989242
1286, 0.000213798514934
1287, 7.74508907897e-05
1288, 0.000141328722721
1289, 8.7331358593e-05
1290, 0.00035877283741
1291, 0.0001898203609
1292, 4.5486022122e-05
1293, 1.14974726424e-05
1294, 3.45826814583e-05
1295, 0.000376151314144
1296, 0.000172397387861
1297, 0.000174530557669
1298, 0.00039376939418
1299, 6.19599507198e-05
1300, 0.000395871712334
1301, 5.66582164796e-05
1302, 0.000369635708117
1303, 0.000216186623335
1304, 2.13960690804e-05
1305, 0.000421590773959
1306, 4.67107561148e-05
1307, 4.67107561148e-05
1308, 4.67107561148e-05
1309, 0.000308573940862
1310, 6.84655155847e-06
1311, 0.000547122596247
1312, 0.000396723180141
1313, 8.46451627984e-05
1314, 0.000130718240141
1315, 0.000184450074288
1316, 6.79507853132e-05
1317, 0.000387503529962
1318, 0.000380121606245
1319, 8.95401846753e-05
1320, 3.21677103312e-05
1321, 5.26940432689e-05
1322, 0.000102406339239
1323, 0.000349123287104
1324, 0.000372998223695
1325, 3.21677103312e-05
1326, 5.7918225088e-05
1327, 4.19114450324e-05
1328, 0.000368273214061
1329, 0.000337069534052
1330, 0.000368526111873
1331, 4.91782192375e-05
1332, 3.83862416696e-05
1333, 0.000371919966573
1334, 7.20034802071e-05
1335, 0.000436589650192
1336, 0.000439262808408
1337, 0.000149056241796
1338, 0.000389651084524
1339, 3.21677103312e-05
1340, 0.000337069534052
1341, 3.21677103312e-05
1342, 3.30587798607e-05
1343, 3.21677103312e-05
1344, 0.000390637950289
1345, 3.80673194889e-05
1346, 0.000393034365507
1347, 4.11744265609e-05
1348, 3.21677103312e-05
1349, 3.21677103312e-05
1350, 0.000347028077854
1351, 8.35260067836e-05
1352, 3.21677103312e-05
1353, 0.000402016673168
1354, 0.000338717575311
1355, 5.67207295275e-05
1356, 0.000389364196643
1357, 3.50984192316e-05
1358, 3.49495774379e-05
1359, 0.000377059218497
1360, 4.16746069851e-05
1361, 6.56720110658e-05
1362, 3.56074914637e-05
1363, 0.000337069534052
1364, 3.21677103312e-05
1365, 3.43197033704e-05
1366, 3.21677103312e-05
1367, 5.53395887716e-05
1368, 8.8538894254e-05
1369, 7.43684291358e-05
1370, 7.62763345441e-05
1371, 0.000342866216306
1372, 4.33286241322e-05
1373, 0.000337069534052
1374, 3.67761587909e-05
1375, 0.00012677452678
1376, 0.000105680783329
1377, 0.000366364629359
1378, 0.000406576617411
1379, 0.000127803436774
1380, 9.51122733845e-05
1381, 7.0163487881e-05
1382, 9.1137799264e-05
1383, 0.000378745152257
1384, 8.91952592832e-05
1385, 6.96667169375e-05
1386, 0.000375123950314
1387, 8.91952592832e-05
1388, 0.000400039143705
1389, 0.000358997856513
1390, 0.000354074047294
1391, 8.91952592832e-05
1392, 0.00036059565803
1393, 8.90560123508e-05
1394, 0.000101007150243
1395, 0.000395191043005
1396, 3.5339256132e-05
1397, 6.71947516561e-05
1398, 2.65768790823e-05
1399, 6.75310790037e-05
1400, 0.000485878113271
1401, 0.000171868319497
1402, 0.00035911266355
1403, 6.372808159e-05
1404, 0.000162255362408
1405, 7.87390816671e-05
1406, 6.68405199943e-05
1407, 0.000590358629061
1408, 6.07567032907e-05
1409, 9.26025140073e-05
1410, 4.56539432038e-05
1411, 0.000319176503763
1412, 0.000389113213143
1413, 9.85949130705e-05
1414, 0.000309445378084
1415, 0.000127892447443
1416, 5.91513713207e-05
1417, 2.38403035946e-05
1418, 5.95453928386e-05
1419, 0.000506862127715
1420, 2.73874081429e-05
1421, 0.000506914346082
1422, 6.56420267809e-05
1423, 8.63907601949e-05
1424, 0.000370196453203
1425, 0.000161622056574
1426, 0.000436138856656
1427, 6.24070405323e-05
1428, 0.00047415200293
1429, 4.65369854559e-05
1430, 1.14510803612e-05
1431, 2.48128698965e-05
1432, 5.00146265688e-05
1433, 6.63313775911e-06
1434, 8.69590448129e-05
1435, 0.000437858086626
1436, 4.6744818269e-05
1437, 0.000132458773837
1438, 0.000100102317684
1439, 0.00013103707736
1440, 7.24802675477e-05
1441, 0.000127180082691
1442, 6.96579216965e-05
1443, 0.000343302101361
1444, 0.000211117385732
1445, 0.00011992520026
1446, 0.000179982863433
1447, 2.31130098704e-05
1448, 7.14313936871e-05
1449, 8.76779304819e-05
1450, 2.96605847269e-05
1451, 0.000141693464378
1452, 0.000328070834649
1453, 0.000328070834649
1454, 0.000372156119985
1455, 0.000334427292903
1456, 9.67078824402e-05
1457, 0.000328070834649
1458, 0.000328070834649
1459, 7.03310137564e-05
1460, 2.31130098704e-05
1461, 2.31130098704e-05
1462, 0.000104432059638
1463, 2.8736599907e-05
1464, 0.000356980271296
1465, 0.00035112780868
1466, 7.46791320987e-05
1467, 0.000324974118146
1468, 0.000397383977054
1469, 0.000168194886728
1470, 0.000375387342613
1471, 0.00043700411302
1472, 0.000311870104204
1473, 0.000418106628073
1474, 7.85062225967e-05
1475, 0.000121501248549
1476, 0.000318683569281
1477, 3.11675207752e-05
1478, 0.00056711231571
1479, 0.00016024549589
1480, 0.000160349699549
1481, 0.000347610349159
1482, 0.000327127904241
1483, 0.000406232994671
1484, 6.64533961509e-05
1485, 4.77985637883e-05
1486, 2.0526359076e-05
1487, 8.11413973697e-05
1488, 0.000383459377286
1489, 6.33414687055e-05
1490, 7.98418798633e-05
1491, 0.000330576933979
1492, 2.0526359076e-05
1493, 0.000325426806381
1494, 2.0526359076e-05
1495, 0.000377728382965
1496, 6.02532540923e-05
1497, 3.35962326928e-05
1498, 2.0526359076e-05
1499, 0.000109218215833
1500, 2.20220132579e-05
1501, 8.76467995515e-05
1502, 2.37876589522e-05
1503, 0.000130968334012
1504, 2.85102080741e-05
1505, 0.000317814987699
1506, 6.0604754578e-05
1507, 1.17450350249e-05
1508, 3.97807137875e-05
1509, 9.19439259566e-05
1510, 0.000324967332448
1511, 6.21739025884e-05
1512, 0.000366060412058
1513, 3.74721070457e-05
1514, 9.48466971204e-05
1515, 0.00032113986547
1516, 6.70614867536e-05
1517, 0.000395646228784
1518, 0.000182526812267
1519, 5.15356205017e-05
1520, 0.000316145285731
1521, 5.51843984017e-05
1522, 9.74272658743e-05
1523, 2.08071967839e-05
1524, 6.5703602025e-05
1525, 1.42763520436e-05
1526, 0.000315209654188
1527, 4.16160831992e-05
1528, 3.10268642301e-05
1529, 9.89043535654e-05
1530, 8.61115650916e-05
1531, 0.000113907581138
1532, 0.000349014823486
1533, 0.000311005613145
1534, 3.78828491065e-05
1535, 9.38446977757e-05
1536, 1.22673700628e-05
1537, 0.000344488425041
1538, 6.59963181818e-05
1539, 8.3711766258e-05
1540, 0.000147068411036
1541, 2.29968412591e-05
1542, 0.000326721339004
1543, 1.34807003703e-05
1544, 5.45814479868e-05
1545, 6.73456483737e-05
1546, 0.000344977958861
1547, 4.87754034612e-05
1548, 3.98313883113e-05
1549, 7.64295458009e-05
1550, 5.42665789563e-05
1551, 4.87754034612e-05
1552, 6.41993370597e-05
1553, 0.000101622495008
1554, 7.64295458009e-05
1555, 7.0623793053e-05
1556, 4.28421689784e-05
1557, 3.98313883113e-05
1558, 7.22553687389e-05
1559, 3.98313883113e-05
1560, 9.95523960081e-05
1561, 3.98313883113e-05
1562, 3.98313883113e-05
1563, 3.98313883113e-05
1564, 3.98313883113e-05
1565, 3.98313883113e-05
1566, 0.000344977958861
1567, 0.000344977958861
1568, 3.98313883113e-05
1569, 3.98313883113e-05
1570, 0.000344977958861
1571, 3.98313883113e-05
1572, 3.98313883113e-05
1573, 0.000355440733465
1574, 3.98313883113e-05
1575, 3.98313883113e-05
1576, 3.98313883113e-05
1577, 0.000344977958861
1578, 7.64295458009e-05
1579, 3.98313883113e-05
1580, 3.98313883113e-05
1581, 3.98313883113e-05
1582, 3.98313883113e-05
1583, 3.98313883113e-05
1584, 0.000344977958861
1585, 0.000381563226585
1586, 3.98313883113e-05
1587, 3.98313883113e-05
1588, 5.70266408866e-05
1589, 7.96901940972e-05
1590, 0.000361989493447
1591, 7.04352506226e-05
1592, 6.85224870126e-05
1593, 9.51525017735e-06
1594, 3.32272312751e-05
1595, 8.45303380192e-06
1596, 8.45303380192e-06
1597, 0.000348356190298
1598, 4.63870015032e-05
1599, 0.000315619168159
1600, 0.000367492631468
1601, 5.73847782221e-06
1602, 4.1187124172e-05
1603, 2.27186874306e-05
1604, 8.94989375369e-06
1605, 6.5467227258e-05
1606, 6.54179738591e-06
1607, 5.1734130221e-05
1608, 0.000343010144935
1609, 4.23960775949e-05
1610, 0.000332803457114
1611, 0.000331027872468
1612, 1.58539537201e-05
1613, 5.86285337103e-06
1614, 5.05110883338e-06
1615, 9.79357182473e-05
1616, 0.000314926172335
1617, 0.000312442185245
1618, 1.9799122375e-06
1619, 7.458500866e-06
1620, 7.35493819281e-05
1621, 0.000319238750091
1622, 2.18013044024e-05
1623, 0.000362180969487
1624, 4.61594757761e-06
1625, 4.61594757761e-06
1626, 1.18860590921e-05
1627, 0.000317677370516
1628, 0.000372782588886
1629, 4.73633050174e-05
1630, 3.65981765494e-05
1631, 0.000354633293816
1632, 3.65981765494e-05
1633, 0.000341717988862
1634, 0.000341717988862
1635, 3.65981765494e-05
1636, 0.000341717988862
1637, 3.65981765494e-05
1638, 3.65981765494e-05
1639, 4.83314811046e-05
1640, 3.65981765494e-05
1641, 0.000341717988862
1642, 4.69781405862e-05
1643, 6.57442597096e-05
1644, 5.37932185717e-05
1645, 3.65981765494e-05
1646, 4.22148487037e-05
1647, 0.000341717988862
1648, 3.65981765494e-05
1649, 3.65981765494e-05
1650, 3.65981765494e-05
1651, 0.000341717988862
1652, 2.24115439169e-05
1653, 0.000307151676138
1654, 3.21060221866e-06
1655, 0.000321759291379
1656, 0.000318134135049
1657, 0.000317904635019
1658, 3.34687490879e-05
1659, 1.30703096273e-05
1660, 0.000317682577504
1661, 0.000312184457417
1662, 1.80583721694e-05
1663, 1.71862662267e-05
1664, 4.55667005223e-05
1665, 1.71862662267e-05
1666, 1.71862662267e-05
1667, 1.71862662267e-05
1668, 1.71862662267e-05
1669, 1.71862662267e-05
1670, 1.71862662267e-05
1671, 2.81779405046e-06
1672, 0.000324767131055
1673, 3.96173261249e-06
1674, 7.52058384727e-06
1675, 0.000314630149284
1676, 1.03745199454e-05
1677, 8.86441713849e-06
1678, 0.000314230854881
1679, 1.11621411985e-05
1680, 0.000314230854881
1681, 1.47608932032e-05
1682, 1.29190031354e-05
